lemma,form,paradigm_slot,form_freq,lemma_freq,phonemic_form,Fold,F1,F2,F3,F4,F5,F6,F7,F8,F9,F10
গাওয়া,গেলো,V;2;PST;POL,0.000293,0.0002801739130434,ɡ e l o,4,V,2,PST,POL,,,,,,
গাওয়া,গেয়েছি,V;1;PRS;PRF,0.0,0.0002801739130434,ɡ e e s i,0,V,1,PRS,PRF,,,,,,
গাওয়া,গাচ্ছিলো,V;2;PST;PROG;POL,0.0,0.0002801739130434,ɡ a t͡ʃʰː i l o,1,V,2,PST,PROG,POL,,,,,
গাওয়া,গাচ্ছিস,V;2;PRS;PROG;LGSPEC1,0.0,0.0002801739130434,ɡ a t͡ʃʰː i ʃ,4,V,2,PRS,PROG,LGSPEC1,,,,,
গাওয়া,গেলে,V;3;PST;INFM,0.004857,0.0002801739130434,ɡ e l e,0,V,3,PST,INFM,,,,,,
গাওয়া,গেতে,V;V.PTCP;PROG,3e-06,0.0002801739130434,ɡ e t̪ e,0,V,V.PTCP,PROG,,,,,,,
গাওয়া,গেলেন,V;3;PST;POL,0.000465,0.0002801739130434,ɡ e l e n,1,V,3,PST,POL,,,,,,
গাওয়া,গেয়েছেন,V;3;PRS;PRF;POL,4e-06,0.0002801739130434,ɡ e e s e n,4,V,3,PRS,PRF,POL,,,,,
গাওয়া,গাবে,V;3;FUT;INFM,1e-06,0.0002801739130434,ɡ a b e,1,V,3,FUT,INFM,,,,,,
গাওয়া,গেলি,V;2;PST;LGSPEC1,0.0,0.0002801739130434,ɡ e l i,1,V,2,PST,LGSPEC1,,,,,,
গাওয়া,গেয়ে,V;V.PTCP;HAB,9e-06,0.0002801739130434,ɡ e e,0,V,V.PTCP,HAB,,,,,,,
গাওয়া,গেয়েছিলেন,V;3;PST;PRF;POL,0.0,0.0002801739130434,ɡ e e s i l e n,2,V,3,PST,PRF,POL,,,,,
গাওয়া,গাও,V;3;PRS;INFM,9e-06,0.0002801739130434,ɡ a o̯,3,V,3,PRS,INFM,,,,,,
গাওয়া,গেয়েছিস,V;2;PRS;PRF;LGSPEC1,0.0,0.0002801739130434,ɡ e e s i ʃ,1,V,2,PRS,PRF,LGSPEC1,,,,,
গাওয়া,গাচ্ছিলেন,V;3;PST;PROG;POL,0.0,0.0002801739130434,ɡ a t͡ʃʰː i l e n,0,V,3,PST,PROG,POL,,,,,
গাওয়া,গাচ্ছেন,V;3;PRS;PROG;POL,0.0,0.0002801739130434,ɡ a t͡ʃʰː e n,0,V,3,PRS,PROG,POL,,,,,
গাওয়া,গেতে,V;3;PST;HAB;INFM,3e-06,0.0002801739130434,ɡ e t̪ e,3,V,3,PST,HAB,INFM,,,,,
গাওয়া,গাবি,V;2;FUT;LGSPEC1,0.0,0.0002801739130434,ɡ a b i,0,V,2,FUT,LGSPEC1,,,,,,
গাওয়া,গাচ্ছিলাম,V;1;PST;PROG,0.0,0.0002801739130434,ɡ a t͡ʃʰː i l a m,2,V,1,PST,PROG,,,,,,
গাওয়া,গাচ্ছি,V;1;PRS;PROG,0.0,0.0002801739130434,ɡ a t͡ʃʰː i,2,V,1,PRS,PROG,,,,,,
গাওয়া,গেয়েছিলো,V;2;PST;PRF;POL,0.0,0.0002801739130434,ɡ e e s i l o,2,V,2,PST,PRF,POL,,,,,
গাওয়া,গেয়ে,V;V.PTCP;PRF,9e-06,0.0002801739130434,ɡ e e,4,V,V.PTCP,PRF,,,,,,,
গাওয়া,গেতে,V;V.NFIN,3e-06,0.0002801739130434,ɡ e t̪ e,0,V,V.NFIN,,,,,,,,
গাওয়া,গেয়েছো,V;3;PRS;PRF;INFM,0.0,0.0002801739130434,ɡ e e s o,0,V,3,PRS,PRF,INFM,,,,,
গাওয়া,গাবেন,V;3;FUT;POL,0.0,0.0002801739130434,ɡ a b e n,4,V,3,FUT,POL,,,,,,
গাওয়া,গাচ্ছে,V;2;PRS;PROG;POL,0.0,0.0002801739130434,ɡ a t͡ʃʰː e,4,V,2,PRS,PROG,POL,,,,,
গাওয়া,গায়,V;2;PRS;POL,2e-06,0.0002801739130434,ɡ a e̯,4,V,2,PRS,POL,,,,,,
গাওয়া,গেতো,V;2;PST;HAB;POL,0.0,0.0002801739130434,ɡ e t̪ o,1,V,2,PST,HAB,POL,,,,,
গাওয়া,গেয়েছিলে,V;3;PST;PRF;INFM,0.0,0.0002801739130434,ɡ e e s i l e,3,V,3,PST,PRF,INFM,,,,,
গাওয়া,গাবো,V;1;FUT,0.0,0.0002801739130434,ɡ a b o,1,V,1,FUT,,,,,,,
গাওয়া,গেতিস,V;2;PST;HAB;LGSPEC1,0.0,0.0002801739130434,ɡ e t̪ i ʃ,0,V,2,PST,HAB,LGSPEC1,,,,,
গাওয়া,গাই,V;1;PRS,7e-06,0.0002801739130434,ɡ a i̯,2,V,1,PRS,,,,,,,
গাওয়া,গাচ্ছিলি,V;2;PST;PROG;LGSPEC1,0.0,0.0002801739130434,ɡ a t͡ʃʰː i l i,3,V,2,PST,PROG,LGSPEC1,,,,,
গাওয়া,গাবে,V;2;FUT;POL,1e-06,0.0002801739130434,ɡ a b e,0,V,2,FUT,POL,,,,,,
গাওয়া,গাওয়া,V;V.MSDR,1.5e-05,0.0002801739130434,ɡ a o̯ a,2,V,V.MSDR,,,,,,,,
গাওয়া,গেলাম,V;1;PST,0.000223,0.0002801739130434,ɡ e l a m,3,V,1,PST,,,,,,,
গাওয়া,গান,V;3;PRS;POL,0.002124,0.0002801739130434,ɡ a n,0,V,3,PRS,POL,,,,,,
গাওয়া,গেতেন,V;3;PST;HAB;POL,0.0,0.0002801739130434,ɡ e t̪ e n,1,V,3,PST,HAB,POL,,,,,
গাওয়া,গেয়েছিলি,V;2;PST;PRF;LGSPEC1,0.0,0.0002801739130434,ɡ e e s i l i,2,V,2,PST,PRF,LGSPEC1,,,,,
গাওয়া,গেলে,V;V.PTCP;COND,0.004857,0.0002801739130434,ɡ e l e,0,V,V.PTCP,COND,,,,,,,
গাওয়া,গাচ্ছো,V;3;PRS;PROG;INFM,0.0,0.0002801739130434,ɡ a t͡ʃʰː o,1,V,3,PRS,PROG,INFM,,,,,
গাওয়া,গেতাম,V;1;PST;HAB,0.0,0.0002801739130434,ɡ e t̪ a m,1,V,1,PST,HAB,,,,,,
গাওয়া,গেয়েছে,V;2;PRS;PRF;POL,0.0,0.0002801739130434,ɡ e e s e,2,V,2,PRS,PRF,POL,,,,,
গাওয়া,গাচ্ছিলে,V;3;PST;PROG;INFM,0.0,0.0002801739130434,ɡ a t͡ʃʰː i l e,2,V,3,PST,PROG,INFM,,,,,
গাওয়া,গেয়েছিলাম,V;1;PST;PRF,0.0,0.0002801739130434,ɡ e e s i l a m,1,V,1,PST,PRF,,,,,,
গাওয়া,গাস,V;2;PRS;LGSPEC1,3e-06,0.0002801739130434,ɡ a ʃ,0,V,2,PRS,LGSPEC1,,,,,,
লুকানো,লুকালো,V;2;PST;POL,1e-06,4.239130434782608e-06,l u k a l o,4,V,2,PST,POL,,,,,,
লুকানো,লুকিয়েছি,V;1;PRS;PRF,0.0,4.239130434782608e-06,l u k i̯ e t͡ʃʰ i,2,V,1,PRS,PRF,,,,,,
লুকানো,লুকাচ্ছিলো,V;2;PST;PROG;POL,0.0,4.239130434782608e-06,l u k a t͡ʃʰː i l o,2,V,2,PST,PROG,POL,,,,,
লুকানো,লুকাচ্ছিস,V;2;PRS;PROG;LGSPEC1,0.0,4.239130434782608e-06,l u k a t͡ʃʰː i ʃ,0,V,2,PRS,PROG,LGSPEC1,,,,,
লুকানো,লুকালে,V;3;PST;INFM,2e-06,4.239130434782608e-06,l u k a l e,0,V,3,PST,INFM,,,,,,
লুকানো,লুকাতে,V;V.PTCP;PROG,1.3e-05,4.239130434782608e-06,l u k a t̪ e,3,V,V.PTCP,PROG,,,,,,,
লুকানো,লুকালেন,V;3;PST;POL,0.0,4.239130434782608e-06,l u k a l e n,2,V,3,PST,POL,,,,,,
লুকানো,লুকিয়েছেন,V;3;PRS;PRF;POL,0.0,4.239130434782608e-06,l u k i̯ e t͡ʃʰ e n,1,V,3,PRS,PRF,POL,,,,,
লুকানো,লুকাবে,V;3;FUT;INFM,1e-06,4.239130434782608e-06,l u k a b e,2,V,3,FUT,INFM,,,,,,
লুকানো,লুকালি,V;2;PST;LGSPEC1,0.0,4.239130434782608e-06,l u k a l i,2,V,2,PST,LGSPEC1,,,,,,
লুকানো,লুকায়,V;V.PTCP;HAB,1e-06,4.239130434782608e-06,l u k a e̯,3,V,V.PTCP,HAB,,,,,,,
লুকানো,লুকিয়েছিলেন,V;3;PST;PRF;POL,0.0,4.239130434782608e-06,l u k i̯ e t͡ʃʰ i l e n,0,V,3,PST,PRF,POL,,,,,
লুকানো,লুকাও,V;3;PRS;INFM,0.0,4.239130434782608e-06,l u k a o̯,2,V,3,PRS,INFM,,,,,,
লুকানো,লুকিয়েছিস,V;2;PRS;PRF;LGSPEC1,0.0,4.239130434782608e-06,l u k i̯ e t͡ʃʰ i ʃ,1,V,2,PRS,PRF,LGSPEC1,,,,,
লুকানো,লুকাচ্ছিলেন,V;3;PST;PROG;POL,0.0,4.239130434782608e-06,l u k a t͡ʃʰː i l e n,3,V,3,PST,PROG,POL,,,,,
লুকানো,লুকাচ্ছেন,V;3;PRS;PROG;POL,0.0,4.239130434782608e-06,l u k a t͡ʃʰː e n,2,V,3,PRS,PROG,POL,,,,,
লুকানো,লুকাতে,V;3;PST;HAB;INFM,1.3e-05,4.239130434782608e-06,l u k a t̪ e,3,V,3,PST,HAB,INFM,,,,,
লুকানো,লুকাবি,V;2;FUT;LGSPEC1,0.0,4.239130434782608e-06,l u k a b i,4,V,2,FUT,LGSPEC1,,,,,,
লুকানো,লুকাচ্ছিলাম,V;1;PST;PROG,0.0,4.239130434782608e-06,l u k a t͡ʃʰː i l a m,0,V,1,PST,PROG,,,,,,
লুকানো,লুকাচ্ছি,V;1;PRS;PROG,0.0,4.239130434782608e-06,l u k a t͡ʃʰː i,3,V,1,PRS,PROG,,,,,,
লুকানো,লুকিয়েছিলো,V;2;PST;PRF;POL,0.0,4.239130434782608e-06,l u k i̯ e t͡ʃʰ i l o,0,V,2,PST,PRF,POL,,,,,
লুকানো,লুকায়,V;V.PTCP;PRF,1e-06,4.239130434782608e-06,l u k a e̯,4,V,V.PTCP,PRF,,,,,,,
লুকানো,লুকাতে,V;V.NFIN,1.3e-05,4.239130434782608e-06,l u k a t̪ e,1,V,V.NFIN,,,,,,,,
লুকানো,লুকিয়েছো,V;3;PRS;PRF;INFM,0.0,4.239130434782608e-06,l u k i̯ e t͡ʃʰ o,1,V,3,PRS,PRF,INFM,,,,,
লুকানো,লুকাবেন,V;3;FUT;POL,6e-06,4.239130434782608e-06,l u k a b e n,1,V,3,FUT,POL,,,,,,
লুকানো,লুকাচ্ছে,V;2;PRS;PROG;POL,0.0,4.239130434782608e-06,l u k a t͡ʃʰː e,0,V,2,PRS,PROG,POL,,,,,
লুকানো,লুকায়,V;2;PRS;POL,1e-06,4.239130434782608e-06,l u k a e̯,2,V,2,PRS,POL,,,,,,
লুকানো,লুকাতো,V;2;PST;HAB;POL,0.0,4.239130434782608e-06,l u k a t̪ o,3,V,2,PST,HAB,POL,,,,,
লুকানো,লুকিয়েছিলে,V;3;PST;PRF;INFM,0.0,4.239130434782608e-06,l u k i̯ e t͡ʃʰ i l e,3,V,3,PST,PRF,INFM,,,,,
লুকানো,লুকাবো,V;1;FUT,0.0,4.239130434782608e-06,l u k a b o,3,V,1,FUT,,,,,,,
লুকানো,লুকাতিস,V;2;PST;HAB;LGSPEC1,0.0,4.239130434782608e-06,l u k a t̪ i ʃ,1,V,2,PST,HAB,LGSPEC1,,,,,
লুকানো,লুকাই,V;1;PRS,0.0,4.239130434782608e-06,l u k a i̯,2,V,1,PRS,,,,,,,
লুকানো,লুকাচ্ছিলি,V;2;PST;PROG;LGSPEC1,0.0,4.239130434782608e-06,l u k a t͡ʃʰː i l i,3,V,2,PST,PROG,LGSPEC1,,,,,
লুকানো,লুকাবে,V;2;FUT;POL,1e-06,4.239130434782608e-06,l u k a b e,3,V,2,FUT,POL,,,,,,
লুকানো,লুকানো,V;V.MSDR,9.5e-05,4.239130434782608e-06,l u k a n o,2,V,V.MSDR,,,,,,,,
লুকানো,লুকালাম,V;1;PST,0.0,4.239130434782608e-06,l u k a l a m,3,V,1,PST,,,,,,,
লুকানো,লুকান,V;3;PRS;POL,1.1e-05,4.239130434782608e-06,l u k a n,1,V,3,PRS,POL,,,,,,
লুকানো,লুকাতেন,V;3;PST;HAB;POL,0.0,4.239130434782608e-06,l u k a t̪ e n,3,V,3,PST,HAB,POL,,,,,
লুকানো,লুকিয়েছিলি,V;2;PST;PRF;LGSPEC1,0.0,4.239130434782608e-06,l u k i̯ e t͡ʃʰ i l i,4,V,2,PST,PRF,LGSPEC1,,,,,
লুকানো,লুকালে,V;V.PTCP;COND,2e-06,4.239130434782608e-06,l u k a l e,2,V,V.PTCP,COND,,,,,,,
লুকানো,লুকাচ্ছো,V;3;PRS;PROG;INFM,0.0,4.239130434782608e-06,l u k a t͡ʃʰː o,4,V,3,PRS,PROG,INFM,,,,,
লুকানো,লুকাতাম,V;1;PST;HAB,0.0,4.239130434782608e-06,l u k a t̪ a m,2,V,1,PST,HAB,,,,,,
লুকানো,লুকিয়েছে,V;2;PRS;PRF;POL,0.0,4.239130434782608e-06,l u k i̯ e t͡ʃʰ e,0,V,2,PRS,PRF,POL,,,,,
লুকানো,লুকাচ্ছিলে,V;3;PST;PROG;INFM,0.0,4.239130434782608e-06,l u k a t͡ʃʰː i l e,2,V,3,PST,PROG,INFM,,,,,
লুকানো,লুকিয়েছিলাম,V;1;PST;PRF,0.0,4.239130434782608e-06,l u k i̯ e t͡ʃʰ i l a m,3,V,1,PST,PRF,,,,,,
লুকানো,লুকাস,V;2;PRS;LGSPEC1,3.4e-05,4.239130434782608e-06,l u k a ʃ,4,V,2,PRS,LGSPEC1,,,,,,
ইচ্ছা হওয়া,ইচ্ছা হলো,V;2;PST;POL,0.0,0.0,i t͡ʃʰː a,0,V,2,PST,POL,,,,,,
ইচ্ছা হওয়া,ইচ্ছা হয়েছি,V;1;PRS;PRF,0.0,0.0,i t͡ʃʰː a,4,V,1,PRS,PRF,,,,,,
ইচ্ছা হওয়া,ইচ্ছা হচ্ছিলো,V;2;PST;PROG;POL,0.0,0.0,i t͡ʃʰː a,4,V,2,PST,PROG,POL,,,,,
ইচ্ছা হওয়া,ইচ্ছা হচ্ছিস,V;2;PRS;PROG;LGSPEC1,0.0,0.0,i t͡ʃʰː a,3,V,2,PRS,PROG,LGSPEC1,,,,,
ইচ্ছা হওয়া,ইচ্ছা হলে,V;3;PST;INFM,0.0,0.0,i t͡ʃʰː a,3,V,3,PST,INFM,,,,,,
ইচ্ছা হওয়া,ইচ্ছা হতেহতে,V;V.PTCP;PROG,0.0,0.0,i t͡ʃʰː a,2,V,V.PTCP,PROG,,,,,,,
ইচ্ছা হওয়া,ইচ্ছা হলেন,V;3;PST;POL,0.0,0.0,i t͡ʃʰː a,1,V,3,PST,POL,,,,,,
ইচ্ছা হওয়া,ইচ্ছা হয়েছেন,V;3;PRS;PRF;POL,0.0,0.0,i t͡ʃʰː a,4,V,3,PRS,PRF,POL,,,,,
ইচ্ছা হওয়া,ইচ্ছা হবে,V;3;FUT;INFM,0.0,0.0,i t͡ʃʰː a,4,V,3,FUT,INFM,,,,,,
ইচ্ছা হওয়া,ইচ্ছা হলি,V;2;PST;LGSPEC1,0.0,0.0,i t͡ʃʰː a,2,V,2,PST,LGSPEC1,,,,,,
ইচ্ছা হওয়া,ইচ্ছা হয়েহয়ে,V;V.PTCP;HAB,0.0,0.0,i t͡ʃʰː a,2,V,V.PTCP,HAB,,,,,,,
ইচ্ছা হওয়া,ইচ্ছা হয়েছিলেন,V;3;PST;PRF;POL,0.0,0.0,i t͡ʃʰː a,3,V,3,PST,PRF,POL,,,,,
ইচ্ছা হওয়া,ইচ্ছা হও,V;3;PRS;INFM,0.0,0.0,i t͡ʃʰː a,0,V,3,PRS,INFM,,,,,,
ইচ্ছা হওয়া,ইচ্ছা হয়েছিস,V;2;PRS;PRF;LGSPEC1,0.0,0.0,i t͡ʃʰː a h ɔ e̯ t͡ʃʰ i ʃ,3,V,2,PRS,PRF,LGSPEC1,,,,,
ইচ্ছা হওয়া,ইচ্ছা হচ্ছিলেন,V;3;PST;PROG;POL,0.0,0.0,i t͡ʃʰː a,2,V,3,PST,PROG,POL,,,,,
ইচ্ছা হওয়া,ইচ্ছা হচ্ছেন,V;3;PRS;PROG;POL,0.0,0.0,i t͡ʃʰː a,1,V,3,PRS,PROG,POL,,,,,
ইচ্ছা হওয়া,ইচ্ছা হতে,V;3;PST;HAB;INFM,0.0,0.0,i t͡ʃʰː a,1,V,3,PST,HAB,INFM,,,,,
ইচ্ছা হওয়া,ইচ্ছা হবি,V;2;FUT;LGSPEC1,0.0,0.0,i t͡ʃʰː a,1,V,2,FUT,LGSPEC1,,,,,,
ইচ্ছা হওয়া,ইচ্ছা হচ্ছিলাম,V;1;PST;PROG,0.0,0.0,i t͡ʃʰː a,3,V,1,PST,PROG,,,,,,
ইচ্ছা হওয়া,ইচ্ছা হচ্ছি,V;1;PRS;PROG,0.0,0.0,i t͡ʃʰː a,3,V,1,PRS,PROG,,,,,,
ইচ্ছা হওয়া,ইচ্ছা হয়েছিলো,V;2;PST;PRF;POL,0.0,0.0,i t͡ʃʰː a,4,V,2,PST,PRF,POL,,,,,
ইচ্ছা হওয়া,ইচ্ছা হয়ে,V;V.PTCP;PRF,0.0,0.0,i t͡ʃʰː a,1,V,V.PTCP,PRF,,,,,,,
ইচ্ছা হওয়া,ইচ্ছা হতে,V;V.NFIN,0.0,0.0,i t͡ʃʰː a,3,V,V.NFIN,,,,,,,,
ইচ্ছা হওয়া,ইচ্ছা হয়েছো,V;3;PRS;PRF;INFM,0.0,0.0,i t͡ʃʰː a,4,V,3,PRS,PRF,INFM,,,,,
ইচ্ছা হওয়া,ইচ্ছা হবেন,V;3;FUT;POL,0.0,0.0,i t͡ʃʰː a,3,V,3,FUT,POL,,,,,,
ইচ্ছা হওয়া,ইচ্ছা হচ্ছে,V;2;PRS;PROG;POL,0.0,0.0,i t͡ʃʰː a,0,V,2,PRS,PROG,POL,,,,,
ইচ্ছা হওয়া,ইচ্ছা হয়,V;2;PRS;POL,0.0,0.0,i t͡ʃʰː a,0,V,2,PRS,POL,,,,,,
ইচ্ছা হওয়া,ইচ্ছা হতো,V;2;PST;HAB;POL,0.0,0.0,i t͡ʃʰː a,1,V,2,PST,HAB,POL,,,,,
ইচ্ছা হওয়া,ইচ্ছা হয়েছিলে,V;3;PST;PRF;INFM,0.0,0.0,i t͡ʃʰː a,3,V,3,PST,PRF,INFM,,,,,
ইচ্ছা হওয়া,ইচ্ছা হবো,V;1;FUT,0.0,0.0,i t͡ʃʰː a,1,V,1,FUT,,,,,,,
ইচ্ছা হওয়া,ইচ্ছা হতিস,V;2;PST;HAB;LGSPEC1,0.0,0.0,i t͡ʃʰː a,1,V,2,PST,HAB,LGSPEC1,,,,,
ইচ্ছা হওয়া,ইচ্ছা হই,V;1;PRS,0.0,0.0,i t͡ʃʰː a,3,V,1,PRS,,,,,,,
ইচ্ছা হওয়া,ইচ্ছা হচ্ছিলি,V;2;PST;PROG;LGSPEC1,0.0,0.0,i t͡ʃʰː a,0,V,2,PST,PROG,LGSPEC1,,,,,
ইচ্ছা হওয়া,ইচ্ছা হবে,V;2;FUT;POL,0.0,0.0,i t͡ʃʰː a,1,V,2,FUT,POL,,,,,,
ইচ্ছা হওয়া,ইচ্ছা হওয়া,V;V.MSDR,0.0,0.0,i t͡ʃʰː a,4,V,V.MSDR,,,,,,,,
ইচ্ছা হওয়া,ইচ্ছা হলাম,V;1;PST,0.0,0.0,i t͡ʃʰː a,3,V,1,PST,,,,,,,
ইচ্ছা হওয়া,ইচ্ছা হন,V;3;PRS;POL,0.0,0.0,i t͡ʃʰː a,2,V,3,PRS,POL,,,,,,
ইচ্ছা হওয়া,ইচ্ছা হতেন,V;3;PST;HAB;POL,0.0,0.0,i t͡ʃʰː a,3,V,3,PST,HAB,POL,,,,,
ইচ্ছা হওয়া,ইচ্ছা হয়েছিলি,V;2;PST;PRF;LGSPEC1,0.0,0.0,i t͡ʃʰː a,4,V,2,PST,PRF,LGSPEC1,,,,,
ইচ্ছা হওয়া,ইচ্ছা হলে,V;V.PTCP;COND,0.0,0.0,i t͡ʃʰː a,3,V,V.PTCP,COND,,,,,,,
ইচ্ছা হওয়া,ইচ্ছা হচ্ছো,V;3;PRS;PROG;INFM,0.0,0.0,i t͡ʃʰː a,1,V,3,PRS,PROG,INFM,,,,,
ইচ্ছা হওয়া,ইচ্ছা হতাম,V;1;PST;HAB,0.0,0.0,i t͡ʃʰː a,2,V,1,PST,HAB,,,,,,
ইচ্ছা হওয়া,ইচ্ছা হয়েছে,V;2;PRS;PRF;POL,0.0,0.0,i t͡ʃʰː a,0,V,2,PRS,PRF,POL,,,,,
ইচ্ছা হওয়া,ইচ্ছা হচ্ছিলে,V;3;PST;PROG;INFM,0.0,0.0,i t͡ʃʰː a,1,V,3,PST,PROG,INFM,,,,,
ইচ্ছা হওয়া,ইচ্ছা হয়েছিলাম,V;1;PST;PRF,0.0,0.0,i t͡ʃʰː a,4,V,1,PST,PRF,,,,,,
ইচ্ছা হওয়া,ইচ্ছা হস,V;2;PRS;LGSPEC1,0.0,0.0,i t͡ʃʰː a,1,V,2,PRS,LGSPEC1,,,,,,
জাগা,জাগলো,V;2;PST;POL,6e-06,2.745652173913043e-05,d͡ʒ a ɡ l o,0,V,2,PST,POL,,,,,,
জাগা,জেগেছি,V;1;PRS;PRF,1e-06,2.745652173913043e-05,d͡ʒ e ɡ e t͡ʃʰ i,2,V,1,PRS,PRF,,,,,,
জাগা,জাগছিলো,V;2;PST;PROG;POL,1e-06,2.745652173913043e-05,d͡ʒ a ɡ t͡ʃʰ i l o,2,V,2,PST,PROG,POL,,,,,
জাগা,জাগছিস,V;2;PRS;PROG;LGSPEC1,0.0,2.745652173913043e-05,d͡ʒ a ɡ t͡ʃʰ i ʃ,1,V,2,PRS,PROG,LGSPEC1,,,,,
জাগা,জাগলে,V;3;PST;INFM,5e-06,2.745652173913043e-05,d͡ʒ a ɡ l e,0,V,3,PST,INFM,,,,,,
জাগা,জাগতে,V;V.PTCP;PROG,4.5e-05,2.745652173913043e-05,d͡ʒ a ɡ t̪ e,3,V,V.PTCP,PROG,,,,,,,
জাগা,জাগলেন,V;3;PST;POL,1e-06,2.745652173913043e-05,d͡ʒ a ɡ l e n,1,V,3,PST,POL,,,,,,
জাগা,জেগেছেন,V;3;PRS;PRF;POL,0.0,2.745652173913043e-05,d͡ʒ e ɡ e t͡ʃʰ e n,1,V,3,PRS,PRF,POL,,,,,
জাগা,জাগবে,V;3;FUT;INFM,1.4e-05,2.745652173913043e-05,d͡ʒ a ɡ b e,4,V,3,FUT,INFM,,,,,,
জাগা,জাগলি,V;2;PST;LGSPEC1,0.0,2.745652173913043e-05,d͡ʒ a ɡ l i,2,V,2,PST,LGSPEC1,,,,,,
জাগা,জেগে,V;V.PTCP;HAB,0.000447,2.745652173913043e-05,d͡ʒ e ɡ e,0,V,V.PTCP,HAB,,,,,,,
জাগা,জেগেছিলেন,V;3;PST;PRF;POL,0.0,2.745652173913043e-05,d͡ʒ e ɡ e t͡ʃʰ i l e n,1,V,3,PST,PRF,POL,,,,,
জাগা,জাগো,V;3;PRS;INFM,5.2e-05,2.745652173913043e-05,d͡ʒ a ɡ o,3,V,3,PRS,INFM,,,,,,
জাগা,জেগেছিস,V;2;PRS;PRF;LGSPEC1,0.0,2.745652173913043e-05,d͡ʒ e ɡ e t͡ʃʰ i ʃ,4,V,2,PRS,PRF,LGSPEC1,,,,,
জাগা,জাগছিলেন,V;3;PST;PROG;POL,0.0,2.745652173913043e-05,d͡ʒ a ɡ t͡ʃʰ i l e n,2,V,3,PST,PROG,POL,,,,,
জাগা,জাগছেন,V;3;PRS;PROG;POL,0.0,2.745652173913043e-05,d͡ʒ a ɡ t͡ʃʰ e n,4,V,3,PRS,PROG,POL,,,,,
জাগা,জাগতে,V;3;PST;HAB;INFM,4.5e-05,2.745652173913043e-05,d͡ʒ a ɡ t̪ e,1,V,3,PST,HAB,INFM,,,,,
জাগা,জাগবি,V;2;FUT;LGSPEC1,0.0,2.745652173913043e-05,d͡ʒ a ɡ b i,3,V,2,FUT,LGSPEC1,,,,,,
জাগা,জাগছিলাম,V;1;PST;PROG,0.0,2.745652173913043e-05,d͡ʒ a ɡ t͡ʃʰ i l a m,0,V,1,PST,PROG,,,,,,
জাগা,জাগছি,V;1;PRS;PROG,0.0,2.745652173913043e-05,d͡ʒ a ɡ t͡ʃʰ i,2,V,1,PRS,PROG,,,,,,
জাগা,জেগেছিলো,V;2;PST;PRF;POL,1e-06,2.745652173913043e-05,d͡ʒ e ɡ e t͡ʃʰ i l o,2,V,2,PST,PRF,POL,,,,,
জাগা,জেগে,V;V.PTCP;PRF,0.000447,2.745652173913043e-05,d͡ʒ e ɡ e,0,V,V.PTCP,PRF,,,,,,,
জাগা,জাগতে,V;V.NFIN,4.5e-05,2.745652173913043e-05,d͡ʒ a ɡ t̪ e,4,V,V.NFIN,,,,,,,,
জাগা,জেগেছো,V;3;PRS;PRF;INFM,0.0,2.745652173913043e-05,d͡ʒ e ɡ e t͡ʃʰ o,2,V,3,PRS,PRF,INFM,,,,,
জাগা,জাগবেন,V;3;FUT;POL,2e-06,2.745652173913043e-05,d͡ʒ a ɡ b e n,1,V,3,FUT,POL,,,,,,
জাগা,জাগছে,V;2;PRS;PROG;POL,6e-06,2.745652173913043e-05,d͡ʒ a ɡ t͡ʃʰ e,4,V,2,PRS,PROG,POL,,,,,
জাগা,জাগে,V;2;PRS;POL,8.1e-05,2.745652173913043e-05,d͡ʒ a ɡ e,4,V,2,PRS,POL,,,,,,
জাগা,জাগতো,V;2;PST;HAB;POL,4e-06,2.745652173913043e-05,d͡ʒ a ɡ o t̪ o,3,V,2,PST,HAB,POL,,,,,
জাগা,জেগেছিলে,V;3;PST;PRF;INFM,0.0,2.745652173913043e-05,d͡ʒ e ɡ e t͡ʃʰ i l e,4,V,3,PST,PRF,INFM,,,,,
জাগা,জাগবো,V;1;FUT,0.0,2.745652173913043e-05,d͡ʒ a ɡ b o,3,V,1,FUT,,,,,,,
জাগা,জাগতিস,V;2;PST;HAB;LGSPEC1,0.0,2.745652173913043e-05,d͡ʒ a ɡ t̪ i ʃ,4,V,2,PST,HAB,LGSPEC1,,,,,
জাগা,জাগি,V;1;PRS,4e-06,2.745652173913043e-05,d͡ʒ a ɡ i,0,V,1,PRS,,,,,,,
জাগা,জাগছিলি,V;2;PST;PROG;LGSPEC1,0.0,2.745652173913043e-05,d͡ʒ a ɡ t͡ʃʰ i l i,0,V,2,PST,PROG,LGSPEC1,,,,,
জাগা,জাগবে,V;2;FUT;POL,1.4e-05,2.745652173913043e-05,d͡ʒ a ɡ b e,3,V,2,FUT,POL,,,,,,
জাগা,জাগা,V;V.MSDR,1.3e-05,2.745652173913043e-05,d͡ʒ a ɡ a,3,V,V.MSDR,,,,,,,,
জাগা,জাগলাম,V;1;PST,0.0,2.745652173913043e-05,d͡ʒ a ɡ l a m,2,V,1,PST,,,,,,,
জাগা,জাগেন,V;3;PRS;POL,3e-06,2.745652173913043e-05,d͡ʒ a ɡ e n,4,V,3,PRS,POL,,,,,,
জাগা,জাগতেন,V;3;PST;HAB;POL,0.0,2.745652173913043e-05,d͡ʒ a ɡ t̪ e n,1,V,3,PST,HAB,POL,,,,,
জাগা,জেগেছিলি,V;2;PST;PRF;LGSPEC1,0.0,2.745652173913043e-05,d͡ʒ e ɡ e t͡ʃʰ i l i,4,V,2,PST,PRF,LGSPEC1,,,,,
জাগা,জাগলে,V;V.PTCP;COND,5e-06,2.745652173913043e-05,d͡ʒ a ɡ l e,0,V,V.PTCP,COND,,,,,,,
জাগা,জাগছো,V;3;PRS;PROG;INFM,0.0,2.745652173913043e-05,d͡ʒ a ɡ s o,3,V,3,PRS,PROG,INFM,,,,,
জাগা,জাগতাম,V;1;PST;HAB,1e-06,2.745652173913043e-05,d͡ʒ a ɡ t̪ a m,1,V,1,PST,HAB,,,,,,
জাগা,জেগেছে,V;2;PRS;PRF;POL,2e-05,2.745652173913043e-05,d͡ʒ e ɡ e t͡ʃʰ e,4,V,2,PRS,PRF,POL,,,,,
জাগা,জাগছিলে,V;3;PST;PROG;INFM,0.0,2.745652173913043e-05,d͡ʒ a ɡ t͡ʃʰ i l e,3,V,3,PST,PROG,INFM,,,,,
জাগা,জেগেছিলাম,V;1;PST;PRF,0.0,2.745652173913043e-05,d͡ʒ e ɡ e t͡ʃʰ i l a m,0,V,1,PST,PRF,,,,,,
জাগা,জাগিস,V;2;PRS;LGSPEC1,0.0,2.745652173913043e-05,d͡ʒ a ɡ i ʃ,3,V,2,PRS,LGSPEC1,,,,,,
খোঁজা,খুঁজলো,V;2;PST;POL,1e-06,0.0001129130434782,kʰ u d͡ʒ l o,3,V,2,PST,POL,,,,,,
খোঁজা,খুঁজেছি,V;1;PRS;PRF,2e-06,0.0001129130434782,kʰ u d͡ʒ e t͡ʃʰ i,0,V,1,PRS,PRF,,,,,,
খোঁজা,খুঁজছিলো,V;2;PST;PROG;POL,0.0,0.0001129130434782,kʰ u d͡ʒ t͡ʃʰ i l o,3,V,2,PST,PROG,POL,,,,,
খোঁজা,খুঁজছিস,V;2;PRS;PROG;LGSPEC1,0.0,0.0001129130434782,kʰ u d͡ʒ t͡ʃʰ i ʃ,2,V,2,PRS,PROG,LGSPEC1,,,,,
খোঁজা,খুঁজলে,V;3;PST;INFM,2.2e-05,0.0001129130434782,kʰ u d͡ʒ l e,0,V,3,PST,INFM,,,,,,
খোঁজা,খুঁজতে,V;V.PTCP;PROG,0.000277,0.0001129130434782,kʰ u d͡ʒ t̪ e,0,V,V.PTCP,PROG,,,,,,,
খোঁজা,খুঁজলেন,V;3;PST;POL,0.0,0.0001129130434782,kʰ u d͡ʒ l e n,1,V,3,PST,POL,,,,,,
খোঁজা,খুঁজেছেন,V;3;PRS;PRF;POL,6e-06,0.0001129130434782,kʰ u d͡ʒ e t͡ʃʰ e n,0,V,3,PRS,PRF,POL,,,,,
খোঁজা,খুঁজবে,V;3;FUT;INFM,6e-06,0.0001129130434782,kʰ u d͡ʒ b e,0,V,3,FUT,INFM,,,,,,
খোঁজা,খুঁজলি,V;2;PST;LGSPEC1,1e-06,0.0001129130434782,kʰ u d͡ʒ l i,3,V,2,PST,LGSPEC1,,,,,,
খোঁজা,খুঁজে,V;V.PTCP;HAB,0.001991,0.0001129130434782,kʰ u d͡ʒ e,2,V,V.PTCP,HAB,,,,,,,
খোঁজা,খুঁজেছিলেন,V;3;PST;PRF;POL,0.0,0.0001129130434782,kʰ u d͡ʒ e t͡ʃʰ i l e n,0,V,3,PST,PRF,POL,,,,,
খোঁজা,খোঁজো,V;3;PRS;INFM,2e-06,0.0001129130434782,kʰ o d͡ʒ o,0,V,3,PRS,INFM,,,,,,
খোঁজা,খুঁজেছিস,V;2;PRS;PRF;LGSPEC1,0.0,0.0001129130434782,kʰ u d͡ʒ e t͡ʃʰ i ʃ,4,V,2,PRS,PRF,LGSPEC1,,,,,
খোঁজা,খুঁজছিলেন,V;3;PST;PROG;POL,5e-06,0.0001129130434782,kʰ u d͡ʒ t͡ʃʰ i l e n,2,V,3,PST,PROG,POL,,,,,
খোঁজা,খুঁজছেন,V;3;PRS;PROG;POL,6.1e-05,0.0001129130434782,kʰ u d͡ʒ t͡ʃʰ e n,4,V,3,PRS,PROG,POL,,,,,
খোঁজা,খুঁজতে,V;3;PST;HAB;INFM,0.000277,0.0001129130434782,kʰ u d͡ʒ t̪ e,2,V,3,PST,HAB,INFM,,,,,
খোঁজা,খুঁজবি,V;2;FUT;LGSPEC1,0.0,0.0001129130434782,kʰ u d͡ʒ b i,4,V,2,FUT,LGSPEC1,,,,,,
খোঁজা,খুঁজছিলাম,V;1;PST;PROG,4e-06,0.0001129130434782,kʰ u d͡ʒ t͡ʃʰ i l a m,0,V,1,PST,PROG,,,,,,
খোঁজা,খুঁজছি,V;1;PRS;PROG,7e-06,0.0001129130434782,kʰ u d͡ʒ t͡ʃʰ i,2,V,1,PRS,PROG,,,,,,
খোঁজা,খুঁজেছিলো,V;2;PST;PRF;POL,0.0,0.0001129130434782,kʰ u d͡ʒ e t͡ʃʰ i l o,1,V,2,PST,PRF,POL,,,,,
খোঁজা,খুঁজে,V;V.PTCP;PRF,0.001991,0.0001129130434782,kʰ u d͡ʒ e,2,V,V.PTCP,PRF,,,,,,,
খোঁজা,খুঁজতে,V;V.NFIN,0.000277,0.0001129130434782,kʰ u d͡ʒ t̪ e,1,V,V.NFIN,,,,,,,,
খোঁজা,খুঁজেছো,V;3;PRS;PRF;INFM,0.0,0.0001129130434782,kʰ u d͡ʒ e t͡ʃʰ o,4,V,3,PRS,PRF,INFM,,,,,
খোঁজা,খুঁজবেন,V;3;FUT;POL,3e-06,0.0001129130434782,kʰ u d͡ʒ b e n,2,V,3,FUT,POL,,,,,,
খোঁজা,খুঁজছে,V;2;PRS;PROG;POL,2.3e-05,0.0001129130434782,kʰ u d͡ʒ t͡ʃʰ e,4,V,2,PRS,PROG,POL,,,,,
খোঁজা,খোঁজে,V;2;PRS;POL,0.000101,0.0001129130434782,kʰ o d͡ʒ e,3,V,2,PRS,POL,,,,,,
খোঁজা,খুঁজতো,V;2;PST;HAB;POL,1e-06,0.0001129130434782,kʰ u d͡ʒ t̪ o,0,V,2,PST,HAB,POL,,,,,
খোঁজা,খুঁজেছিলে,V;3;PST;PRF;INFM,0.0,0.0001129130434782,kʰ u d͡ʒ e t͡ʃʰ i l e,3,V,3,PST,PRF,INFM,,,,,
খোঁজা,খুঁজবো,V;1;FUT,1e-06,0.0001129130434782,kʰ u d͡ʒ b o,3,V,1,FUT,,,,,,,
খোঁজা,খুঁজতিস,V;2;PST;HAB;LGSPEC1,0.0,0.0001129130434782,kʰ u d͡ʒ t̪ i ʃ,0,V,2,PST,HAB,LGSPEC1,,,,,
খোঁজা,খুঁজি,V;1;PRS,1.9e-05,0.0001129130434782,kʰ u d͡ʒ i,1,V,1,PRS,,,,,,,
খোঁজা,খুঁজছিলি,V;2;PST;PROG;LGSPEC1,0.0,0.0001129130434782,kʰ u d͡ʒ t͡ʃʰ i l i,4,V,2,PST,PROG,LGSPEC1,,,,,
খোঁজা,খুঁজবে,V;2;FUT;POL,6e-06,0.0001129130434782,kʰ u d͡ʒ b e,1,V,2,FUT,POL,,,,,,
খোঁজা,খোঁজা,V;V.MSDR,5.6e-05,0.0001129130434782,kʰ o d͡ʒ a,0,V,V.MSDR,,,,,,,,
খোঁজা,খুঁজলাম,V;1;PST,0.0,0.0001129130434782,kʰ u d͡ʒ l a m,0,V,1,PST,,,,,,,
খোঁজা,খোঁজেন,V;3;PRS;POL,2.7e-05,0.0001129130434782,kʰ o d͡ʒ e n,2,V,3,PRS,POL,,,,,,
খোঁজা,খুঁজতেন,V;3;PST;HAB;POL,0.0,0.0001129130434782,kʰ u d͡ʒ t̪ e n,4,V,3,PST,HAB,POL,,,,,
খোঁজা,খুঁজেছিলি,V;2;PST;PRF;LGSPEC1,0.0,0.0001129130434782,kʰ u d͡ʒ e t͡ʃʰ i l i,3,V,2,PST,PRF,LGSPEC1,,,,,
খোঁজা,খুঁজলে,V;V.PTCP;COND,2.2e-05,0.0001129130434782,kʰ u d͡ʒ l e,2,V,V.PTCP,COND,,,,,,,
খোঁজা,খুঁজছো,V;3;PRS;PROG;INFM,0.0,0.0001129130434782,kʰ u d͡ʒ t͡ʃʰ o,0,V,3,PRS,PROG,INFM,,,,,
খোঁজা,খুঁজতাম,V;1;PST;HAB,3e-06,0.0001129130434782,kʰ u d͡ʒ t̪ a m,3,V,1,PST,HAB,,,,,,
খোঁজা,খুঁজেছে,V;2;PRS;PRF;POL,1e-06,0.0001129130434782,kʰ u d͡ʒ e t͡ʃʰ e,0,V,2,PRS,PRF,POL,,,,,
খোঁজা,খুঁজছিলে,V;3;PST;PROG;INFM,0.0,0.0001129130434782,kʰ u d͡ʒ t͡ʃʰ i l e,0,V,3,PST,PROG,INFM,,,,,
খোঁজা,খুঁজেছিলাম,V;1;PST;PRF,1e-06,0.0001129130434782,kʰ u d͡ʒ e t͡ʃʰ i l a m,1,V,1,PST,PRF,,,,,,
খোঁজা,খুঁজিস,V;2;PRS;LGSPEC1,0.0,0.0001129130434782,kʰ u d͡ʒ i ʃ,1,V,2,PRS,LGSPEC1,,,,,,
ভাঙা,ভাঙলো,V;2;PST;POL,2e-06,5.3195652173913033e-05,bʱ a ŋ l o,3,V,2,PST,POL,,,,,,
ভাঙা,ভেঙেছি,V;1;PRS;PRF,0.0,5.3195652173913033e-05,bʱ e ŋ e t͡ʃʰ i,3,V,1,PRS,PRF,,,,,,
ভাঙা,ভাঙছিলো,V;2;PST;PROG;POL,0.0,5.3195652173913033e-05,bʱ a ŋ s i l o,1,V,2,PST,PROG,POL,,,,,
ভাঙা,ভাঙছিস,V;2;PRS;PROG;LGSPEC1,0.0,5.3195652173913033e-05,bʱ a ŋ s i ʃ,2,V,2,PRS,PROG,LGSPEC1,,,,,
ভাঙা,ভাঙলে,V;3;PST;INFM,1.9e-05,5.3195652173913033e-05,bʱ a ŋ l e,0,V,3,PST,INFM,,,,,,
ভাঙা,ভাঙতে,V;V.PTCP;PROG,7.4e-05,5.3195652173913033e-05,bʱ a ŋ t̪ e,1,V,V.PTCP,PROG,,,,,,,
ভাঙা,ভাঙলেন,V;3;PST;POL,7e-06,5.3195652173913033e-05,bʱ a ŋ l e n,3,V,3,PST,POL,,,,,,
ভাঙা,ভেঙেছেন,V;3;PRS;PRF;POL,4e-06,5.3195652173913033e-05,bʱ e ŋ e t͡ʃʰ e n,4,V,3,PRS,PRF,POL,,,,,
ভাঙা,ভাঙবে,V;3;FUT;INFM,2e-05,5.3195652173913033e-05,bʱ a ŋ b e,1,V,3,FUT,INFM,,,,,,
ভাঙা,ভাঙলি,V;2;PST;LGSPEC1,0.0,5.3195652173913033e-05,bʱ a ŋ l i,3,V,2,PST,LGSPEC1,,,,,,
ভাঙা,ভেঙে,V;V.PTCP;HAB,0.00095,5.3195652173913033e-05,bʱ e ŋ e,2,V,V.PTCP,HAB,,,,,,,
ভাঙা,ভেঙেছিলেন,V;3;PST;PRF;POL,1e-06,5.3195652173913033e-05,bʱ e ŋ e t͡ʃʰ i l e n,1,V,3,PST,PRF,POL,,,,,
ভাঙা,ভাঙো,V;3;PRS;INFM,1e-06,5.3195652173913033e-05,bʱ a ŋ o,1,V,3,PRS,INFM,,,,,,
ভাঙা,ভেঙেছিস,V;2;PRS;PRF;LGSPEC1,0.0,5.3195652173913033e-05,bʱ e ŋ e t͡ʃʰ i ʃ,3,V,2,PRS,PRF,LGSPEC1,,,,,
ভাঙা,ভাঙছিলেন,V;3;PST;PROG;POL,0.0,5.3195652173913033e-05,bʱ a ŋ t͡ʃʰ i l e n,1,V,3,PST,PROG,POL,,,,,
ভাঙা,ভাঙছেন,V;3;PRS;PROG;POL,0.0,5.3195652173913033e-05,bʱ a ŋ t͡ʃʰ e n,1,V,3,PRS,PROG,POL,,,,,
ভাঙা,ভাঙতে,V;3;PST;HAB;INFM,7.4e-05,5.3195652173913033e-05,bʱ a ŋ t̪ e,4,V,3,PST,HAB,INFM,,,,,
ভাঙা,ভাঙবি,V;2;FUT;LGSPEC1,0.0,5.3195652173913033e-05,bʱ a ŋ b i,3,V,2,FUT,LGSPEC1,,,,,,
ভাঙা,ভাঙছিলাম,V;1;PST;PROG,0.0,5.3195652173913033e-05,bʱ a ŋ t͡ʃʰ i l a m,0,V,1,PST,PROG,,,,,,
ভাঙা,ভাঙছি,V;1;PRS;PROG,0.0,5.3195652173913033e-05,bʱ a ŋ s i,2,V,1,PRS,PROG,,,,,,
ভাঙা,ভেঙেছিলো,V;2;PST;PRF;POL,0.0,5.3195652173913033e-05,bʱ e ŋ e t͡ʃʰ i l o,2,V,2,PST,PRF,POL,,,,,
ভাঙা,ভেঙে,V;V.PTCP;PRF,0.00095,5.3195652173913033e-05,bʱ e ŋ e,1,V,V.PTCP,PRF,,,,,,,
ভাঙা,ভাঙতে,V;V.NFIN,7.4e-05,5.3195652173913033e-05,bʱ a ŋ t̪ e,0,V,V.NFIN,,,,,,,,
ভাঙা,ভেঙেছো,V;3;PRS;PRF;INFM,0.0,5.3195652173913033e-05,bʱ e ŋ e t͡ʃʰ o,0,V,3,PRS,PRF,INFM,,,,,
ভাঙা,ভাঙবেন,V;3;FUT;POL,3e-06,5.3195652173913033e-05,bʱ a ŋ b e n,2,V,3,FUT,POL,,,,,,
ভাঙা,ভাঙছে,V;2;PRS;PROG;POL,1.9e-05,5.3195652173913033e-05,bʱ a ŋ t͡ʃʰ e,2,V,2,PRS,PROG,POL,,,,,
ভাঙা,ভাঙে,V;2;PRS;POL,3.3e-05,5.3195652173913033e-05,bʱ a ŋ e,4,V,2,PRS,POL,,,,,,
ভাঙা,ভাঙতো,V;2;PST;HAB;POL,1e-06,5.3195652173913033e-05,bʱ a ŋ t̪ o,4,V,2,PST,HAB,POL,,,,,
ভাঙা,ভেঙেছিলে,V;3;PST;PRF;INFM,0.0,5.3195652173913033e-05,bʱ e ŋ e t͡ʃʰ i l e,3,V,3,PST,PRF,INFM,,,,,
ভাঙা,ভাঙবো,V;1;FUT,0.0,5.3195652173913033e-05,bʱ a ŋ b o,1,V,1,FUT,,,,,,,
ভাঙা,ভাঙতিস,V;2;PST;HAB;LGSPEC1,0.0,5.3195652173913033e-05,bʱ a ŋ t̪ i ʃ,2,V,2,PST,HAB,LGSPEC1,,,,,
ভাঙা,ভাঙি,V;1;PRS,0.0,5.3195652173913033e-05,bʱ a ŋ i,2,V,1,PRS,,,,,,,
ভাঙা,ভাঙছিলি,V;2;PST;PROG;LGSPEC1,0.0,5.3195652173913033e-05,bʱ a ŋ s i l i,2,V,2,PST,PROG,LGSPEC1,,,,,
ভাঙা,ভাঙবে,V;2;FUT;POL,2e-05,5.3195652173913033e-05,bʱ a ŋ b e,0,V,2,FUT,POL,,,,,,
ভাঙা,ভাঙা,V;V.MSDR,0.000146,5.3195652173913033e-05,bʱ a ŋ a,2,V,V.MSDR,,,,,,,,
ভাঙা,ভাঙলাম,V;1;PST,0.0,5.3195652173913033e-05,bʱ a ŋ l a m,3,V,1,PST,,,,,,,
ভাঙা,ভাঙেন,V;3;PRS;POL,1.6e-05,5.3195652173913033e-05,bʱ a ŋ e n,3,V,3,PRS,POL,,,,,,
ভাঙা,ভাঙতেন,V;3;PST;HAB;POL,0.0,5.3195652173913033e-05,bʱ a ŋ t̪ e n,2,V,3,PST,HAB,POL,,,,,
ভাঙা,ভেঙেছিলি,V;2;PST;PRF;LGSPEC1,0.0,5.3195652173913033e-05,bʱ e ŋ e t͡ʃʰ i l i,1,V,2,PST,PRF,LGSPEC1,,,,,
ভাঙা,ভাঙলে,V;V.PTCP;COND,1.9e-05,5.3195652173913033e-05,bʱ a ŋ l e,1,V,V.PTCP,COND,,,,,,,
ভাঙা,ভাঙছো,V;3;PRS;PROG;INFM,0.0,5.3195652173913033e-05,bʱ a ŋ s o,2,V,3,PRS,PROG,INFM,,,,,
ভাঙা,ভাঙতাম,V;1;PST;HAB,0.0,5.3195652173913033e-05,bʱ a ŋ t̪ a m,1,V,1,PST,HAB,,,,,,
ভাঙা,ভেঙেছে,V;2;PRS;PRF;POL,1.4e-05,5.3195652173913033e-05,bʱ e ŋ e t͡ʃʰ e,2,V,2,PRS,PRF,POL,,,,,
ভাঙা,ভাঙছিলে,V;3;PST;PROG;INFM,0.0,5.3195652173913033e-05,bʱ a ŋ t͡ʃʰ i l e,4,V,3,PST,PROG,INFM,,,,,
ভাঙা,ভেঙেছিলাম,V;1;PST;PRF,0.0,5.3195652173913033e-05,bʱ e ŋ e t͡ʃʰ i l a m,4,V,1,PST,PRF,,,,,,
ভাঙা,ভাঙিস,V;2;PRS;LGSPEC1,0.0,5.3195652173913033e-05,bʱ a ŋ i ʃ,4,V,2,PRS,LGSPEC1,,,,,,
বসা,বসলো,V;2;PST;POL,9e-06,0.0002096086956521,b ɔ ʃ l o,0,V,2,PST,POL,,,,,,
বসা,বসেছি,V;1;PRS;PRF,1.2e-05,0.0002096086956521,b ɔ ʃ e t͡ʃʰ i,4,V,1,PRS,PRF,,,,,,
বসা,বসছিলো,V;2;PST;PROG;POL,0.0,0.0002096086956521,b ɔ s t͡ʃʰ i l o,1,V,2,PST,PROG,POL,,,,,
বসা,বসছিস,V;2;PRS;PROG;LGSPEC1,0.0,0.0002096086956521,b ɔ s t͡ʃʰ i ʃ,2,V,2,PRS,PROG,LGSPEC1,,,,,
বসা,বসলে,V;3;PST;INFM,5.2e-05,0.0002096086956521,b ɔ ʃ l e,4,V,3,PST,INFM,,,,,,
বসা,বসতে,V;V.PTCP;PROG,0.000227,0.0002096086956521,b ɔ ʃ t̪ e,4,V,V.PTCP,PROG,,,,,,,
বসা,বসলেন,V;3;PST;POL,2.9e-05,0.0002096086956521,b ɔ s l e n,4,V,3,PST,POL,,,,,,
বসা,বসেছেন,V;3;PRS;PRF;POL,3.6e-05,0.0002096086956521,b ɔ ʃ e t͡ʃʰ e n,1,V,3,PRS,PRF,POL,,,,,
বসা,বসবে,V;3;FUT;INFM,4.9e-05,0.0002096086956521,b ɔ ʃ b e,3,V,3,FUT,INFM,,,,,,
বসা,বসলি,V;2;PST;LGSPEC1,0.0,0.0002096086956521,b ɔ ʃ l i,2,V,2,PST,LGSPEC1,,,,,,
বসা,বসে,V;V.PTCP;HAB,0.0027,0.0002096086956521,b ɔ ʃ e,2,V,V.PTCP,HAB,,,,,,,
বসা,বসেছিলেন,V;3;PST;PRF;POL,2e-05,0.0002096086956521,b ɔ ʃ e t͡ʃʰ i l e n,2,V,3,PST,PRF,POL,,,,,
বসা,বসো,V;3;PRS;INFM,3e-06,0.0002096086956521,b o ʃ o,4,V,3,PRS,INFM,,,,,,
বসা,বসেছিস,V;2;PRS;PRF;LGSPEC1,0.0,0.0002096086956521,b ɔ ʃ e t͡ʃʰ i ʃ,0,V,2,PRS,PRF,LGSPEC1,,,,,
বসা,বসছিলেন,V;3;PST;PROG;POL,0.0,0.0002096086956521,b ɔ ʃ t͡ʃʰ i l e n,0,V,3,PST,PROG,POL,,,,,
বসা,বসছেন,V;3;PRS;PROG;POL,6e-06,0.0002096086956521,b ɔ ʃ t͡ʃʰ e n,4,V,3,PRS,PROG,POL,,,,,
বসা,বসতে,V;3;PST;HAB;INFM,0.000227,0.0002096086956521,b ɔ ʃ t̪ e,4,V,3,PST,HAB,INFM,,,,,
বসা,বসবি,V;2;FUT;LGSPEC1,0.0,0.0002096086956521,b ɔ ʃ b i,2,V,2,FUT,LGSPEC1,,,,,,
বসা,বসছিলাম,V;1;PST;PROG,1e-06,0.0002096086956521,b ɔ s t͡ʃʰ i l a m,2,V,1,PST,PROG,,,,,,
বসা,বসছি,V;1;PRS;PROG,3e-06,0.0002096086956521,b ɔ ʃ t͡ʃʰ i,0,V,1,PRS,PROG,,,,,,
বসা,বসেছিলো,V;2;PST;PRF;POL,4e-06,0.0002096086956521,b ɔ ʃ e t͡ʃʰ i l o,0,V,2,PST,PRF,POL,,,,,
বসা,বসে,V;V.PTCP;PRF,0.0027,0.0002096086956521,b ɔ ʃ e,4,V,V.PTCP,PRF,,,,,,,
বসা,বসতে,V;V.NFIN,0.000227,0.0002096086956521,b ɔ ʃ t̪ e,0,V,V.NFIN,,,,,,,,
বসা,বসেছো,V;3;PRS;PRF;INFM,0.0,0.0002096086956521,b ɔ ʃ e t͡ʃʰ o,0,V,3,PRS,PRF,INFM,,,,,
বসা,বসবেন,V;3;FUT;POL,4.3e-05,0.0002096086956521,b ɔ ʃ b e n,2,V,3,FUT,POL,,,,,,
বসা,বসছে,V;2;PRS;PROG;POL,3.5e-05,0.0002096086956521,b ɔ ʃ t͡ʃʰ e,2,V,2,PRS,PROG,POL,,,,,
বসা,বসে,V;2;PRS;POL,0.0027,0.0002096086956521,b ɔ ʃ e,0,V,2,PRS,POL,,,,,,
বসা,বসতো,V;2;PST;HAB;POL,2.6e-05,0.0002096086956521,b ɔ ʃ t̪ o,1,V,2,PST,HAB,POL,,,,,
বসা,বসেছিলে,V;3;PST;PRF;INFM,0.0,0.0002096086956521,b ɔ ʃ e t͡ʃʰ i l e,0,V,3,PST,PRF,INFM,,,,,
বসা,বসবো,V;1;FUT,5e-06,0.0002096086956521,b ɔ ʃ b o,0,V,1,FUT,,,,,,,
বসা,বসতিস,V;2;PST;HAB;LGSPEC1,0.0,0.0002096086956521,b ɔ ʃ t̪ i ʃ,0,V,2,PST,HAB,LGSPEC1,,,,,
বসা,বসি,V;1;PRS,2.3e-05,0.0002096086956521,b ɔ ʃ i,4,V,1,PRS,,,,,,,
বসা,বসছিলি,V;2;PST;PROG;LGSPEC1,0.0,0.0002096086956521,b ɔ ʃ t͡ʃʰ i l i,0,V,2,PST,PROG,LGSPEC1,,,,,
বসা,বসবে,V;2;FUT;POL,4.9e-05,0.0002096086956521,b ɔ ʃ b e,2,V,2,FUT,POL,,,,,,
বসা,বসা,V;V.MSDR,0.000148,0.0002096086956521,b ɔ ʃ a,2,V,V.MSDR,,,,,,,,
বসা,বসলাম,V;1;PST,5.7e-05,0.0002096086956521,b ɔ ʃ l a m,0,V,1,PST,,,,,,,
বসা,বসেন,V;3;PRS;POL,8.5e-05,0.0002096086956521,b ɔ ʃ e n,2,V,3,PRS,POL,,,,,,
বসা,বসতেন,V;3;PST;HAB;POL,1.6e-05,0.0002096086956521,b ɔ ʃ t̪ e n,3,V,3,PST,HAB,POL,,,,,
বসা,বসেছিলি,V;2;PST;PRF;LGSPEC1,0.0,0.0002096086956521,b ɔ ʃ e t͡ʃʰ i l i,1,V,2,PST,PRF,LGSPEC1,,,,,
বসা,বসলে,V;V.PTCP;COND,5.2e-05,0.0002096086956521,b ɔ ʃ l e,2,V,V.PTCP,COND,,,,,,,
বসা,বসছো,V;3;PRS;PROG;INFM,0.0,0.0002096086956521,b ɔ ʃ o s o,0,V,3,PRS,PROG,INFM,,,,,
বসা,বসতাম,V;1;PST;HAB,2e-06,0.0002096086956521,b ɔ ʃ t̪ a m,1,V,1,PST,HAB,,,,,,
বসা,বসেছে,V;2;PRS;PRF;POL,9.3e-05,0.0002096086956521,b ɔ ʃ e t͡ʃʰ e,2,V,2,PRS,PRF,POL,,,,,
বসা,বসছিলে,V;3;PST;PROG;INFM,0.0,0.0002096086956521,b ɔ ʃ t͡ʃʰ i l e,3,V,3,PST,PROG,INFM,,,,,
বসা,বসেছিলাম,V;1;PST;PRF,3e-06,0.0002096086956521,b ɔ ʃ e t͡ʃʰ i l a m,1,V,1,PST,PRF,,,,,,
বসা,বসিস,V;2;PRS;LGSPEC1,0.0,0.0002096086956521,b ɔ ʃ i ʃ,4,V,2,PRS,LGSPEC1,,,,,,
বোঝা,বুঝলো,V;2;PST;POL,5e-06,0.0002810869565217,b u d͡ʒʱ l o,0,V,2,PST,POL,,,,,,
বোঝা,বুঝেছি,V;1;PRS;PRF,2.3e-05,0.0002810869565217,b u d͡ʒʱ e t͡ʃʰ i,4,V,1,PRS,PRF,,,,,,
বোঝা,বুঝছিলো,V;2;PST;PROG;POL,0.0,0.0002810869565217,b u d͡ʒʱ t͡ʃʰ i l o,4,V,2,PST,PROG,POL,,,,,
বোঝা,বুঝছিস,V;2;PRS;PROG;LGSPEC1,0.0,0.0002810869565217,b u d͡ʒʱ t͡ʃʰ i ʃ,4,V,2,PRS,PROG,LGSPEC1,,,,,
বোঝা,বুঝলে,V;3;PST;INFM,5.3e-05,0.0002810869565217,b u d͡ʒʱ l e,0,V,3,PST,INFM,,,,,,
বোঝা,বুঝতে,V;V.PTCP;PROG,0.00281,0.0002810869565217,b u d͡ʒʱ t̪ e,4,V,V.PTCP,PROG,,,,,,,
বোঝা,বুঝলেন,V;3;PST;POL,3e-05,0.0002810869565217,b u d͡ʒʱ l e n,1,V,3,PST,POL,,,,,,
বোঝা,বুঝেছেন,V;3;PRS;PRF;POL,1.5e-05,0.0002810869565217,b u d͡ʒʱ e t͡ʃʰ e n,4,V,3,PRS,PRF,POL,,,,,
বোঝা,বুঝবে,V;3;FUT;INFM,7e-05,0.0002810869565217,b u d͡ʒʱ b e,0,V,3,FUT,INFM,,,,,,
বোঝা,বুঝলি,V;2;PST;LGSPEC1,2e-06,0.0002810869565217,b u d͡ʒʱ l i,3,V,2,PST,LGSPEC1,,,,,,
বোঝা,বুঝে,V;V.PTCP;HAB,0.001142,0.0002810869565217,b u d͡ʒʱ e,1,V,V.PTCP,HAB,,,,,,,
বোঝা,বুঝেছিলেন,V;3;PST;PRF;POL,8e-06,0.0002810869565217,b u d͡ʒʱ e t͡ʃʰ i l e n,0,V,3,PST,PRF,POL,,,,,
বোঝা,বোঝো,V;3;PRS;INFM,7e-06,0.0002810869565217,b o d͡ʒʱ o,4,V,3,PRS,INFM,,,,,,
বোঝা,বুঝেছিস,V;2;PRS;PRF;LGSPEC1,0.0,0.0002810869565217,b u d͡ʒʱ e t͡ʃʰ i ʃ,2,V,2,PRS,PRF,LGSPEC1,,,,,
বোঝা,বুঝছিলেন,V;3;PST;PROG;POL,0.0,0.0002810869565217,b u d͡ʒʱ t͡ʃʰ i l e n,3,V,3,PST,PROG,POL,,,,,
বোঝা,বুঝছেন,V;3;PRS;PROG;POL,5e-06,0.0002810869565217,b u d͡ʒʱ t͡ʃʰ e n,4,V,3,PRS,PROG,POL,,,,,
বোঝা,বুঝতে,V;3;PST;HAB;INFM,0.00281,0.0002810869565217,b u d͡ʒʱ t̪ e,0,V,3,PST,HAB,INFM,,,,,
বোঝা,বুঝবি,V;2;FUT;LGSPEC1,1e-06,0.0002810869565217,b u d͡ʒʱ b i,2,V,2,FUT,LGSPEC1,,,,,,
বোঝা,বুঝছিলাম,V;1;PST;PROG,0.0,0.0002810869565217,b u d͡ʒʱ t͡ʃʰ i l a m,1,V,1,PST,PROG,,,,,,
বোঝা,বুঝছি,V;1;PRS;PROG,4e-06,0.0002810869565217,b u d͡ʒʱ t͡ʃʰ i,3,V,1,PRS,PROG,,,,,,
বোঝা,বুঝেছিলো,V;2;PST;PRF;POL,0.0,0.0002810869565217,b u d͡ʒʱ e t͡ʃʰ i l o,2,V,2,PST,PRF,POL,,,,,
বোঝা,বুঝে,V;V.PTCP;PRF,0.001142,0.0002810869565217,b u d͡ʒʱ e,4,V,V.PTCP,PRF,,,,,,,
বোঝা,বুঝতে,V;V.NFIN,0.00281,0.0002810869565217,b u d͡ʒʱ t̪ e,2,V,V.NFIN,,,,,,,,
বোঝা,বুঝেছো,V;3;PRS;PRF;INFM,0.0,0.0002810869565217,b u d͡ʒʱ e t͡ʃʰ o,2,V,3,PRS,PRF,INFM,,,,,
বোঝা,বুঝবেন,V;3;FUT;POL,0.00049,0.0002810869565217,b u d͡ʒʱ b e n,0,V,3,FUT,POL,,,,,,
বোঝা,বুঝছে,V;2;PRS;PROG;POL,6e-06,0.0002810869565217,b u d͡ʒʱ t͡ʃʰ e,1,V,2,PRS,PROG,POL,,,,,
বোঝা,বোঝে,V;2;PRS;POL,7.9e-05,0.0002810869565217,b o d͡ʒʱ e,4,V,2,PRS,POL,,,,,,
বোঝা,বুঝতো,V;2;PST;HAB;POL,8e-06,0.0002810869565217,b u d͡ʒʱ o t̪ o,1,V,2,PST,HAB,POL,,,,,
বোঝা,বুঝেছিলে,V;3;PST;PRF;INFM,0.0,0.0002810869565217,b u d͡ʒʱ e t͡ʃʰ i l e,4,V,3,PST,PRF,INFM,,,,,
বোঝা,বুঝবো,V;1;FUT,1.3e-05,0.0002810869565217,b u d͡ʒʱ b o,0,V,1,FUT,,,,,,,
বোঝা,বুঝতিস,V;2;PST;HAB;LGSPEC1,0.0,0.0002810869565217,b u d͡ʒʱ t̪ i ʃ,0,V,2,PST,HAB,LGSPEC1,,,,,
বোঝা,বুঝি,V;1;PRS,0.000269,0.0002810869565217,b u d͡ʒʱ i,1,V,1,PRS,,,,,,,
বোঝা,বুঝছিলি,V;2;PST;PROG;LGSPEC1,0.0,0.0002810869565217,b u d͡ʒʱ t͡ʃʰ i l i,2,V,2,PST,PROG,LGSPEC1,,,,,
বোঝা,বুঝবে,V;2;FUT;POL,7e-05,0.0002810869565217,b u d͡ʒʱ b e,3,V,2,FUT,POL,,,,,,
বোঝা,বোঝা,V;V.MSDR,0.00076,0.0002810869565217,b o d͡ʒʱ a,3,V,V.MSDR,,,,,,,,
বোঝা,বুঝলাম,V;1;PST,0.000117,0.0002810869565217,b u d͡ʒʱ l a m,1,V,1,PST,,,,,,,
বোঝা,বোঝেন,V;3;PRS;POL,7e-05,0.0002810869565217,b o d͡ʒʱ e n,3,V,3,PRS,POL,,,,,,
বোঝা,বুঝতেন,V;3;PST;HAB;POL,1.8e-05,0.0002810869565217,b u d͡ʒʱ t̪ e n,1,V,3,PST,HAB,POL,,,,,
বোঝা,বুঝেছিলি,V;2;PST;PRF;LGSPEC1,0.0,0.0002810869565217,b u d͡ʒʱ e t͡ʃʰ i l i,2,V,2,PST,PRF,LGSPEC1,,,,,
বোঝা,বুঝলে,V;V.PTCP;COND,5.3e-05,0.0002810869565217,b u d͡ʒʱ l e,0,V,V.PTCP,COND,,,,,,,
বোঝা,বুঝছো,V;3;PRS;PROG;INFM,0.0,0.0002810869565217,b u d͡ʒʱ o t͡ʃʰ o,3,V,3,PRS,PROG,INFM,,,,,
বোঝা,বুঝতাম,V;1;PST;HAB,2.3e-05,0.0002810869565217,b u d͡ʒʱ t̪ a m,3,V,1,PST,HAB,,,,,,
বোঝা,বুঝেছে,V;2;PRS;PRF;POL,1.2e-05,0.0002810869565217,b u d͡ʒʱ e t͡ʃʰ e,3,V,2,PRS,PRF,POL,,,,,
বোঝা,বুঝছিলে,V;3;PST;PROG;INFM,0.0,0.0002810869565217,b u d͡ʒʱ t͡ʃʰ i l e,4,V,3,PST,PROG,INFM,,,,,
বোঝা,বুঝেছিলাম,V;1;PST;PRF,4e-06,0.0002810869565217,b u d͡ʒʱ e t͡ʃʰ i l a m,2,V,1,PST,PRF,,,,,,
বোঝা,বুঝিস,V;2;PRS;LGSPEC1,1e-06,0.0002810869565217,b u d͡ʒʱ i ʃ,3,V,2,PRS,LGSPEC1,,,,,,
পছন্দ করা,পছন্দ করলো,V;2;PST;POL,0.0,0.0,p ɔ t͡ʃʰ o n d̪ o k ɔ ɹ o l o,4,V,2,PST,POL,,,,,,
পছন্দ করা,পছন্দ করেছি,V;1;PRS;PRF,0.0,0.0,p ɔ t͡ʃʰ o n d̪ o k ɔ ɹ e t͡ʃʰ i,0,V,1,PRS,PRF,,,,,,
পছন্দ করা,পছন্দ করছিলো,V;2;PST;PROG;POL,0.0,0.0,p ɔ t͡ʃʰ o n d̪ o k ɔ ɹ t͡ʃʰ i l o,3,V,2,PST,PROG,POL,,,,,
পছন্দ করা,পছন্দ করছিস,V;2;PRS;PROG;LGSPEC1,0.0,0.0,p ɔ t͡ʃʰ o n d̪ o k ɔ ɹ o t͡ʃʰ i ʃ,3,V,2,PRS,PROG,LGSPEC1,,,,,
পছন্দ করা,পছন্দ করলে,V;3;PST;INFM,0.0,0.0,p ɔ t͡ʃʰ o n d̪ o k ɔ ɹ l e,3,V,3,PST,INFM,,,,,,
পছন্দ করা,পছন্দ করতেকরতে,V;V.PTCP;PROG,0.0,0.0,p ɔ t͡ʃʰ o n d̪ o k ɔ ɹ t̪ e k ɔ r ɔ t̪ e,4,V,V.PTCP,PROG,,,,,,,
পছন্দ করা,পছন্দ করলেন,V;3;PST;POL,0.0,0.0,p ɔ t͡ʃʰ o n d̪ o k ɔ ɹ l e n,3,V,3,PST,POL,,,,,,
পছন্দ করা,পছন্দ করেছেন,V;3;PRS;PRF;POL,0.0,0.0,p ɔ t͡ʃʰ o n d̪ o k ɔ ɹ e t͡ʃʰ e n,4,V,3,PRS,PRF,POL,,,,,
পছন্দ করা,পছন্দ করবে,V;3;FUT;INFM,0.0,0.0,p ɔ t͡ʃʰ o n d̪ o k ɔ ɹ b e,2,V,3,FUT,INFM,,,,,,
পছন্দ করা,পছন্দ করলি,V;2;PST;LGSPEC1,0.0,0.0,p ɔ t͡ʃʰ o n d̪ o k ɔ ɹ o l i,3,V,2,PST,LGSPEC1,,,,,,
পছন্দ করা,পছন্দ করেকরে,V;V.PTCP;HAB,0.0,0.0,p ɔ t͡ʃʰ o n d̪ o k ɔ ɹ e k ɔ ɹ e,0,V,V.PTCP,HAB,,,,,,,
পছন্দ করা,পছন্দ করেছিলেন,V;3;PST;PRF;POL,0.0,0.0,p ɔ t͡ʃʰ o n d̪ o k ɔ ɹ e t͡ʃʰ i l e n,1,V,3,PST,PRF,POL,,,,,
পছন্দ করা,পছন্দ করো,V;3;PRS;INFM,0.0,0.0,p ɔ t͡ʃʰ o n d̪ o k o ɹ o,0,V,3,PRS,INFM,,,,,,
পছন্দ করা,পছন্দ করেছিস,V;2;PRS;PRF;LGSPEC1,0.0,0.0,p ɔ t͡ʃʰ o n d̪ o k ɔ ɹ e t͡ʃʰ i ʃ,2,V,2,PRS,PRF,LGSPEC1,,,,,
পছন্দ করা,পছন্দ করছিলেন,V;3;PST;PROG;POL,0.0,0.0,p ɔ t͡ʃʰ o n d̪ o k ɔ ɹ t͡ʃʰ i l e n,3,V,3,PST,PROG,POL,,,,,
পছন্দ করা,পছন্দ করছেন,V;3;PRS;PROG;POL,0.0,0.0,p ɔ t͡ʃʰ o n d̪ o k ɔ ɹ o t͡ʃʰ e n,0,V,3,PRS,PROG,POL,,,,,
পছন্দ করা,পছন্দ করতে,V;3;PST;HAB;INFM,0.0,0.0,p ɔ t͡ʃʰ o n d̪ o k ɔ ɹ o t̪ e,2,V,3,PST,HAB,INFM,,,,,
পছন্দ করা,পছন্দ করবি,V;2;FUT;LGSPEC1,0.0,0.0,p ɔ t͡ʃʰ o n d̪ o k ɔ ɹ o b i,1,V,2,FUT,LGSPEC1,,,,,,
পছন্দ করা,পছন্দ করছিলাম,V;1;PST;PROG,0.0,0.0,p ɔ t͡ʃʰ o n d̪ o k ɔ ɹ t͡ʃʰ i l a m,2,V,1,PST,PROG,,,,,,
পছন্দ করা,পছন্দ করছি,V;1;PRS;PROG,0.0,0.0,p ɔ t͡ʃʰ o n d̪ o k ɔ ɹ o t͡ʃʰ i,4,V,1,PRS,PROG,,,,,,
পছন্দ করা,পছন্দ করেছিলো,V;2;PST;PRF;POL,0.0,0.0,p ɔ t͡ʃʰ o n d̪ o k ɔ ɹ e t͡ʃʰ i l o,4,V,2,PST,PRF,POL,,,,,
পছন্দ করা,পছন্দ করে,V;V.PTCP;PRF,0.0,0.0,p ɔ t͡ʃʰ o n d̪ o k ɔ ɹ e,3,V,V.PTCP,PRF,,,,,,,
পছন্দ করা,পছন্দ করতে,V;V.NFIN,0.0,0.0,p ɔ t͡ʃʰ o n d̪ o k ɔ ɹ o t̪ e,1,V,V.NFIN,,,,,,,,
পছন্দ করা,পছন্দ করেছো,V;3;PRS;PRF;INFM,0.0,0.0,p ɔ t͡ʃʰ o n d̪ o k ɔ ɹ e t͡ʃʰ o,2,V,3,PRS,PRF,INFM,,,,,
পছন্দ করা,পছন্দ করবেন,V;3;FUT;POL,0.0,0.0,p ɔ t͡ʃʰ o n d̪ o k ɔ ɹ b e n,1,V,3,FUT,POL,,,,,,
পছন্দ করা,পছন্দ করছে,V;2;PRS;PROG;POL,0.0,0.0,p ɔ t͡ʃʰ o n d̪ o k ɔ ɹ o t͡ʃʰ e,2,V,2,PRS,PROG,POL,,,,,
পছন্দ করা,পছন্দ করে,V;2;PRS;POL,0.0,0.0,p ɔ t͡ʃʰ o n d̪ o k ɔ ɹ e,1,V,2,PRS,POL,,,,,,
পছন্দ করা,পছন্দ করতো,V;2;PST;HAB;POL,0.0,0.0,p ɔ t͡ʃʰ o n d̪ o k ɔ ɹ o t̪ o,3,V,2,PST,HAB,POL,,,,,
পছন্দ করা,পছন্দ করেছিলে,V;3;PST;PRF;INFM,0.0,0.0,p ɔ t͡ʃʰ o n d̪ o k ɔ ɹ e t͡ʃʰ i l e,1,V,3,PST,PRF,INFM,,,,,
পছন্দ করা,পছন্দ করবো,V;1;FUT,0.0,0.0,p ɔ t͡ʃʰ o n d̪ o k ɔ ɹ o b o,3,V,1,FUT,,,,,,,
পছন্দ করা,পছন্দ করতিস,V;2;PST;HAB;LGSPEC1,0.0,0.0,p ɔ t͡ʃʰ o n d̪ o k ɔ ɹ o t̪ i ʃ,0,V,2,PST,HAB,LGSPEC1,,,,,
পছন্দ করা,পছন্দ করি,V;1;PRS,0.0,0.0,p ɔ t͡ʃʰ o n d̪ o k ɔ ɹ i,0,V,1,PRS,,,,,,,
পছন্দ করা,পছন্দ করছিলি,V;2;PST;PROG;LGSPEC1,0.0,0.0,p ɔ t͡ʃʰ o n d̪ o k ɔ ɹ t͡ʃʰ i l i,4,V,2,PST,PROG,LGSPEC1,,,,,
পছন্দ করা,পছন্দ করবে,V;2;FUT;POL,0.0,0.0,p ɔ t͡ʃʰ o n d̪ o k ɔ ɹ b e,3,V,2,FUT,POL,,,,,,
পছন্দ করা,পছন্দ করা,V;V.MSDR,0.0,0.0,p ɔ t͡ʃʰ o n d̪ o k ɔ ɹ a,0,V,V.MSDR,,,,,,,,
পছন্দ করা,পছন্দ করলাম,V;1;PST,0.0,0.0,p ɔ t͡ʃʰ o n d̪ o k ɔ ɹ l a m,3,V,1,PST,,,,,,,
পছন্দ করা,পছন্দ করেন,V;3;PRS;POL,0.0,0.0,p ɔ t͡ʃʰ o n d̪ o k ɔ ɹ e n,4,V,3,PRS,POL,,,,,,
পছন্দ করা,পছন্দ করতেন,V;3;PST;HAB;POL,0.0,0.0,p ɔ t͡ʃʰ o n d̪ o k ɔ ɹ t̪ e n,0,V,3,PST,HAB,POL,,,,,
পছন্দ করা,পছন্দ করেছিলি,V;2;PST;PRF;LGSPEC1,0.0,0.0,p ɔ t͡ʃʰ o n d̪ o k ɔ ɹ e t͡ʃʰ i l i,1,V,2,PST,PRF,LGSPEC1,,,,,
পছন্দ করা,পছন্দ করলে,V;V.PTCP;COND,0.0,0.0,p ɔ t͡ʃʰ o n d̪ o k ɔ ɹ l e,4,V,V.PTCP,COND,,,,,,,
পছন্দ করা,পছন্দ করছো,V;3;PRS;PROG;INFM,0.0,0.0,p ɔ t͡ʃʰ o n d̪ o k ɔ ɹ o t͡ʃʰ o,0,V,3,PRS,PROG,INFM,,,,,
পছন্দ করা,পছন্দ করতাম,V;1;PST;HAB,0.0,0.0,p ɔ t͡ʃʰ o n d̪ o k ɔ ɹ o t̪ a m,3,V,1,PST,HAB,,,,,,
পছন্দ করা,পছন্দ করেছে,V;2;PRS;PRF;POL,0.0,0.0,p ɔ t͡ʃʰ o n d̪ o k ɔ ɹ e t͡ʃʰ e,0,V,2,PRS,PRF,POL,,,,,
পছন্দ করা,পছন্দ করছিলে,V;3;PST;PROG;INFM,0.0,0.0,p ɔ t͡ʃʰ o n d̪ o k ɔ ɹ t͡ʃʰ i l e,1,V,3,PST,PROG,INFM,,,,,
পছন্দ করা,পছন্দ করেছিলাম,V;1;PST;PRF,0.0,0.0,p ɔ t͡ʃʰ o n d̪ o k ɔ ɹ e t͡ʃʰ i l a m,3,V,1,PST,PRF,,,,,,
পছন্দ করা,পছন্দ করিস,V;2;PRS;LGSPEC1,0.0,0.0,p ɔ t͡ʃʰ o n d̪ o k ɔ ɹ i ʃ,2,V,2,PRS,LGSPEC1,,,,,,
চাপা,চাপলো,V;2;PST;POL,2e-06,4.084782608695652e-05,t͡ʃ a p l o,1,V,2,PST,POL,,,,,,
চাপা,চেপেছি,V;1;PRS;PRF,0.0,4.084782608695652e-05,t͡ʃ e p e t͡ʃʰ i,2,V,1,PRS,PRF,,,,,,
চাপা,চাপছিলো,V;2;PST;PROG;POL,0.0,4.084782608695652e-05,t͡ʃ a p s i l o,3,V,2,PST,PROG,POL,,,,,
চাপা,চাপছিস,V;2;PRS;PROG;LGSPEC1,0.0,4.084782608695652e-05,t͡ʃ a p s i ʃ,3,V,2,PRS,PROG,LGSPEC1,,,,,
চাপা,চাপলে,V;3;PST;INFM,4.2e-05,4.084782608695652e-05,t͡ʃ a p l e,0,V,3,PST,INFM,,,,,,
চাপা,চাপতে,V;V.PTCP;PROG,4e-05,4.084782608695652e-05,t͡ʃ a p t̪ e,4,V,V.PTCP,PROG,,,,,,,
চাপা,চাপলেন,V;3;PST;POL,0.0,4.084782608695652e-05,t͡ʃ a p l e n,3,V,3,PST,POL,,,,,,
চাপা,চেপেছেন,V;3;PRS;PRF;POL,0.0,4.084782608695652e-05,t͡ʃ e p e t͡ʃʰ e n,3,V,3,PRS,PRF,POL,,,,,
চাপা,চাপবে,V;3;FUT;INFM,0.0,4.084782608695652e-05,t͡ʃ a p b e,1,V,3,FUT,INFM,,,,,,
চাপা,চাপলি,V;2;PST;LGSPEC1,1e-06,4.084782608695652e-05,t͡ʃ a p l i,4,V,2,PST,LGSPEC1,,,,,,
চাপা,চেপে,V;V.PTCP;HAB,0.000514,4.084782608695652e-05,t͡ʃ e p e,4,V,V.PTCP,HAB,,,,,,,
চাপা,চেপেছিলেন,V;3;PST;PRF;POL,0.0,4.084782608695652e-05,t͡ʃ e p e t͡ʃʰ i l e n,1,V,3,PST,PRF,POL,,,,,
চাপা,চাপো,V;3;PRS;INFM,0.0,4.084782608695652e-05,t͡ʃ a p o,1,V,3,PRS,INFM,,,,,,
চাপা,চেপেছিস,V;2;PRS;PRF;LGSPEC1,0.0,4.084782608695652e-05,t͡ʃ e p e t͡ʃʰ i ʃ,0,V,2,PRS,PRF,LGSPEC1,,,,,
চাপা,চাপছিলেন,V;3;PST;PROG;POL,1e-06,4.084782608695652e-05,t͡ʃ a p t͡ʃʰ i l e n,4,V,3,PST,PROG,POL,,,,,
চাপা,চাপছেন,V;3;PRS;PROG;POL,0.0,4.084782608695652e-05,t͡ʃ a p t͡ʃʰ e n,4,V,3,PRS,PROG,POL,,,,,
চাপা,চাপতে,V;3;PST;HAB;INFM,4e-05,4.084782608695652e-05,t͡ʃ a p t̪ e,4,V,3,PST,HAB,INFM,,,,,
চাপা,চাপবি,V;2;FUT;LGSPEC1,0.0,4.084782608695652e-05,t͡ʃ a p b i,2,V,2,FUT,LGSPEC1,,,,,,
চাপা,চাপছিলাম,V;1;PST;PROG,0.0,4.084782608695652e-05,t͡ʃ a p t͡ʃʰ i l a m,3,V,1,PST,PROG,,,,,,
চাপা,চাপছি,V;1;PRS;PROG,0.0,4.084782608695652e-05,t͡ʃ a p s i,4,V,1,PRS,PROG,,,,,,
চাপা,চেপেছিলো,V;2;PST;PRF;POL,0.0,4.084782608695652e-05,t͡ʃ e p e t͡ʃʰ i l o,2,V,2,PST,PRF,POL,,,,,
চাপা,চেপে,V;V.PTCP;PRF,0.000514,4.084782608695652e-05,t͡ʃ e p e,3,V,V.PTCP,PRF,,,,,,,
চাপা,চাপতে,V;V.NFIN,4e-05,4.084782608695652e-05,t͡ʃ a p t̪ e,0,V,V.NFIN,,,,,,,,
চাপা,চেপেছো,V;3;PRS;PRF;INFM,0.0,4.084782608695652e-05,t͡ʃ e p e t͡ʃʰ o,4,V,3,PRS,PRF,INFM,,,,,
চাপা,চাপবেন,V;3;FUT;POL,6e-06,4.084782608695652e-05,t͡ʃ a p b e n,1,V,3,FUT,POL,,,,,,
চাপা,চাপছে,V;2;PRS;PROG;POL,0.0,4.084782608695652e-05,t͡ʃ a p s e,3,V,2,PRS,PROG,POL,,,,,
চাপা,চাপে,V;2;PRS;POL,0.000312,4.084782608695652e-05,t͡ʃ a p e,1,V,2,PRS,POL,,,,,,
চাপা,চাপতো,V;2;PST;HAB;POL,0.0,4.084782608695652e-05,t͡ʃ a p o t̪ o,2,V,2,PST,HAB,POL,,,,,
চাপা,চেপেছিলে,V;3;PST;PRF;INFM,0.0,4.084782608695652e-05,t͡ʃ e p e t͡ʃʰ i l e,2,V,3,PST,PRF,INFM,,,,,
চাপা,চাপবো,V;1;FUT,0.0,4.084782608695652e-05,t͡ʃ a p b o,0,V,1,FUT,,,,,,,
চাপা,চাপতিস,V;2;PST;HAB;LGSPEC1,0.0,4.084782608695652e-05,t͡ʃ a p t̪ i ʃ,2,V,2,PST,HAB,LGSPEC1,,,,,
চাপা,চাপি,V;1;PRS,1e-06,4.084782608695652e-05,t͡ʃ a p i,3,V,1,PRS,,,,,,,
চাপা,চাপছিলি,V;2;PST;PROG;LGSPEC1,0.0,4.084782608695652e-05,t͡ʃ a p t͡ʃʰ i l i,1,V,2,PST,PROG,LGSPEC1,,,,,
চাপা,চাপবে,V;2;FUT;POL,0.0,4.084782608695652e-05,t͡ʃ a p b e,4,V,2,FUT,POL,,,,,,
চাপা,চাপা,V;V.MSDR,0.000315,4.084782608695652e-05,t͡ʃ a p a,3,V,V.MSDR,,,,,,,,
চাপা,চাপলাম,V;1;PST,1e-06,4.084782608695652e-05,t͡ʃ a p l a m,4,V,1,PST,,,,,,,
চাপা,চাপেন,V;3;PRS;POL,2e-06,4.084782608695652e-05,t͡ʃ a p e n,3,V,3,PRS,POL,,,,,,
চাপা,চাপতেন,V;3;PST;HAB;POL,2e-06,4.084782608695652e-05,t͡ʃ a p t̪ e n,4,V,3,PST,HAB,POL,,,,,
চাপা,চেপেছিলি,V;2;PST;PRF;LGSPEC1,0.0,4.084782608695652e-05,t͡ʃ e p e t͡ʃʰ i l i,0,V,2,PST,PRF,LGSPEC1,,,,,
চাপা,চাপলে,V;V.PTCP;COND,4.2e-05,4.084782608695652e-05,t͡ʃ a p l e,0,V,V.PTCP,COND,,,,,,,
চাপা,চাপছো,V;3;PRS;PROG;INFM,0.0,4.084782608695652e-05,t͡ʃ a p s o,1,V,3,PRS,PROG,INFM,,,,,
চাপা,চাপতাম,V;1;PST;HAB,0.0,4.084782608695652e-05,t͡ʃ a p t̪ a m,2,V,1,PST,HAB,,,,,,
চাপা,চেপেছে,V;2;PRS;PRF;POL,3e-06,4.084782608695652e-05,t͡ʃ e p e t͡ʃʰ e,1,V,2,PRS,PRF,POL,,,,,
চাপা,চাপছিলে,V;3;PST;PROG;INFM,0.0,4.084782608695652e-05,t͡ʃ a p s i l e,0,V,3,PST,PROG,INFM,,,,,
চাপা,চেপেছিলাম,V;1;PST;PRF,0.0,4.084782608695652e-05,t͡ʃ e p e t͡ʃʰ i l a m,2,V,1,PST,PRF,,,,,,
চাপা,চাপিস,V;2;PRS;LGSPEC1,1e-06,4.084782608695652e-05,t͡ʃ a p i ʃ,1,V,2,PRS,LGSPEC1,,,,,,
কাটা,কাটলো,V;2;PST;POL,5e-06,0.0001116086956521,k a ʈ l o,4,V,2,PST,POL,,,,,,
কাটা,কেটেছি,V;1;PRS;PRF,2e-06,0.0001116086956521,k e t e t͡ʃʰ i,0,V,1,PRS,PRF,,,,,,
কাটা,কাটছিলো,V;2;PST;PROG;POL,1e-06,0.0001116086956521,k a t s i l o,4,V,2,PST,PROG,POL,,,,,
কাটা,কাটছিস,V;2;PRS;PROG;LGSPEC1,0.0,0.0001116086956521,k a t s i ʃ,0,V,2,PRS,PROG,LGSPEC1,,,,,
কাটা,কাটলে,V;3;PST;INFM,4.4e-05,0.0001116086956521,k a ʈ l e,3,V,3,PST,INFM,,,,,,
কাটা,কাটতে,V;V.PTCP;PROG,0.000234,0.0001116086956521,k a ʈ t e,0,V,V.PTCP,PROG,,,,,,,
কাটা,কাটলেন,V;3;PST;POL,4e-06,0.0001116086956521,k a ʈ l e n,3,V,3,PST,POL,,,,,,
কাটা,কেটেছেন,V;3;PRS;PRF;POL,2e-06,0.0001116086956521,k e t e t͡ʃʰ e n,0,V,3,PRS,PRF,POL,,,,,
কাটা,কাটবে,V;3;FUT;INFM,7.1e-05,0.0001116086956521,k a ʈ b e,2,V,3,FUT,INFM,,,,,,
কাটা,কাটলি,V;2;PST;LGSPEC1,0.0,0.0001116086956521,k a ʈ l i,4,V,2,PST,LGSPEC1,,,,,,
কাটা,কেটে,V;V.PTCP;HAB,0.001586,0.0001116086956521,k e t e,4,V,V.PTCP,HAB,,,,,,,
কাটা,কেটেছিলেন,V;3;PST;PRF;POL,4e-06,0.0001116086956521,k e t e t͡ʃʰ i l e n,3,V,3,PST,PRF,POL,,,,,
কাটা,কাটো,V;3;PRS;INFM,0.0,0.0001116086956521,k a ʈ o,0,V,3,PRS,INFM,,,,,,
কাটা,কেটেছিস,V;2;PRS;PRF;LGSPEC1,0.0,0.0001116086956521,k e t e t͡ʃʰ i ʃ,0,V,2,PRS,PRF,LGSPEC1,,,,,
কাটা,কাটছিলেন,V;3;PST;PROG;POL,1e-06,0.0001116086956521,k a t s i l e n,2,V,3,PST,PROG,POL,,,,,
কাটা,কাটছেন,V;3;PRS;PROG;POL,1e-06,0.0001116086956521,k a t t͡ʃʰ e n,2,V,3,PRS,PROG,POL,,,,,
কাটা,কাটতে,V;3;PST;HAB;INFM,0.000234,0.0001116086956521,k a ʈ t e,1,V,3,PST,HAB,INFM,,,,,
কাটা,কাটবি,V;2;FUT;LGSPEC1,0.0,0.0001116086956521,k a ʈ b i,1,V,2,FUT,LGSPEC1,,,,,,
কাটা,কাটছিলাম,V;1;PST;PROG,1e-06,0.0001116086956521,k a t s i l a m,1,V,1,PST,PROG,,,,,,
কাটা,কাটছি,V;1;PRS;PROG,2e-06,0.0001116086956521,k a t s i,2,V,1,PRS,PROG,,,,,,
কাটা,কেটেছিলো,V;2;PST;PRF;POL,0.0,0.0001116086956521,k e t e t͡ʃʰ i l o,0,V,2,PST,PRF,POL,,,,,
কাটা,কেটে,V;V.PTCP;PRF,0.001586,0.0001116086956521,k e t e,0,V,V.PTCP,PRF,,,,,,,
কাটা,কাটতে,V;V.NFIN,0.000234,0.0001116086956521,k a ʈ t e,0,V,V.NFIN,,,,,,,,
কাটা,কেটেছো,V;3;PRS;PRF;INFM,0.0,0.0001116086956521,k e t e t͡ʃʰ o,0,V,3,PRS,PRF,INFM,,,,,
কাটা,কাটবেন,V;3;FUT;POL,1.2e-05,0.0001116086956521,k a ʈ b e n,3,V,3,FUT,POL,,,,,,
কাটা,কাটছে,V;2;PRS;PROG;POL,7.3e-05,0.0001116086956521,k a t t͡ʃʰ e,0,V,2,PRS,PROG,POL,,,,,
কাটা,কাটে,V;2;PRS;POL,0.000133,0.0001116086956521,k a t e,1,V,2,PRS,POL,,,,,,
কাটা,কাটতো,V;2;PST;HAB;POL,5e-06,0.0001116086956521,k a ʈ o,1,V,2,PST,HAB,POL,,,,,
কাটা,কেটেছিলে,V;3;PST;PRF;INFM,0.0,0.0001116086956521,k e t e t͡ʃʰ i l e,1,V,3,PST,PRF,INFM,,,,,
কাটা,কাটবো,V;1;FUT,0.0,0.0001116086956521,k a ʈ b o,0,V,1,FUT,,,,,,,
কাটা,কাটতিস,V;2;PST;HAB;LGSPEC1,0.0,0.0001116086956521,k a t i ʃ,2,V,2,PST,HAB,LGSPEC1,,,,,
কাটা,কাটি,V;1;PRS,9e-06,0.0001116086956521,k a ʈ i,0,V,1,PRS,,,,,,,
কাটা,কাটছিলি,V;2;PST;PROG;LGSPEC1,0.0,0.0001116086956521,k a t s i l i,3,V,2,PST,PROG,LGSPEC1,,,,,
কাটা,কাটবে,V;2;FUT;POL,7.1e-05,0.0001116086956521,k a ʈ b e,0,V,2,FUT,POL,,,,,,
কাটা,কাটা,V;V.MSDR,0.000645,0.0001116086956521,k a ʈ a,3,V,V.MSDR,,,,,,,,
কাটা,কাটলাম,V;1;PST,0.0,0.0001116086956521,k a t l a m,3,V,1,PST,,,,,,,
কাটা,কাটেন,V;3;PRS;POL,1.1e-05,0.0001116086956521,k a t e n,0,V,3,PRS,POL,,,,,,
কাটা,কাটতেন,V;3;PST;HAB;POL,2e-06,0.0001116086956521,k a ʈ t̪ e n,4,V,3,PST,HAB,POL,,,,,
কাটা,কেটেছিলি,V;2;PST;PRF;LGSPEC1,0.0,0.0001116086956521,k e t e t͡ʃʰ i l i,3,V,2,PST,PRF,LGSPEC1,,,,,
কাটা,কাটলে,V;V.PTCP;COND,4.4e-05,0.0001116086956521,k a ʈ l e,0,V,V.PTCP,COND,,,,,,,
কাটা,কাটছো,V;3;PRS;PROG;INFM,0.0,0.0001116086956521,k a t s o,2,V,3,PRS,PROG,INFM,,,,,
কাটা,কাটতাম,V;1;PST;HAB,0.0,0.0001116086956521,k a ʈ t a m,0,V,1,PST,HAB,,,,,,
কাটা,কেটেছে,V;2;PRS;PRF;POL,0.000117,0.0001116086956521,k e t e t͡ʃʰ e,0,V,2,PRS,PRF,POL,,,,,
কাটা,কাটছিলে,V;3;PST;PROG;INFM,0.0,0.0001116086956521,k a t s i l e,1,V,3,PST,PROG,INFM,,,,,
কাটা,কেটেছিলাম,V;1;PST;PRF,0.0,0.0001116086956521,k e t e t͡ʃʰ i l a m,4,V,1,PST,PRF,,,,,,
কাটা,কাটিস,V;2;PRS;LGSPEC1,0.0,0.0001116086956521,k a t i ʃ,2,V,2,PRS,LGSPEC1,,,,,,
ভরা,ভরলো,V;2;PST;POL,2e-06,4.317391304347826e-05,bʱ ɔ ɹ l o,2,V,2,PST,POL,,,,,,
ভরা,ভরেছি,V;1;PRS;PRF,0.0,4.317391304347826e-05,bʱ ɔ ɹ e t͡ʃʰ i,1,V,1,PRS,PRF,,,,,,
ভরা,ভরছিলো,V;2;PST;PROG;POL,0.0,4.317391304347826e-05,bʱ ɔ ɹ t͡ʃʰ i l o,4,V,2,PST,PROG,POL,,,,,
ভরা,ভরছিস,V;2;PRS;PROG;LGSPEC1,0.0,4.317391304347826e-05,bʱ ɔ ɹ t͡ʃʰ i ʃ,4,V,2,PRS,PROG,LGSPEC1,,,,,
ভরা,ভরলে,V;3;PST;INFM,2e-06,4.317391304347826e-05,bʱ ɔ ɹ l e,3,V,3,PST,INFM,,,,,,
ভরা,ভরতে,V;V.PTCP;PROG,2.7e-05,4.317391304347826e-05,bʱ ɔ ɹ t̪ e,2,V,V.PTCP,PROG,,,,,,,
ভরা,ভরলেন,V;3;PST;POL,1e-06,4.317391304347826e-05,bʱ ɔ ɹ l e n,2,V,3,PST,POL,,,,,,
ভরা,ভরেছেন,V;3;PRS;PRF;POL,0.0,4.317391304347826e-05,bʱ ɔ ɹ e t͡ʃʰ e n,2,V,3,PRS,PRF,POL,,,,,
ভরা,ভরবে,V;3;FUT;INFM,8e-06,4.317391304347826e-05,bʱ ɔ ɹ b e,0,V,3,FUT,INFM,,,,,,
ভরা,ভরলি,V;2;PST;LGSPEC1,0.0,4.317391304347826e-05,bʱ ɔ ɹ l i,3,V,2,PST,LGSPEC1,,,,,,
ভরা,ভরে,V;V.PTCP;HAB,0.000496,4.317391304347826e-05,bʱ ɔ ɹ e,2,V,V.PTCP,HAB,,,,,,,
ভরা,ভরেছিলেন,V;3;PST;PRF;POL,0.0,4.317391304347826e-05,bʱ ɔ ɹ e t͡ʃʰ i l e n,0,V,3,PST,PRF,POL,,,,,
ভরা,ভরো,V;3;PRS;INFM,0.0,4.317391304347826e-05,bʱ ɔ ɹ o,1,V,3,PRS,INFM,,,,,,
ভরা,ভরেছিস,V;2;PRS;PRF;LGSPEC1,0.0,4.317391304347826e-05,bʱ ɔ ɹ e t͡ʃʰ i ʃ,0,V,2,PRS,PRF,LGSPEC1,,,,,
ভরা,ভরছিলেন,V;3;PST;PROG;POL,0.0,4.317391304347826e-05,bʱ ɔ ɹ t͡ʃʰ i l e n,0,V,3,PST,PROG,POL,,,,,
ভরা,ভরছেন,V;3;PRS;PROG;POL,0.0,4.317391304347826e-05,bʱ ɔ ɹ t͡ʃʰ e n,2,V,3,PRS,PROG,POL,,,,,
ভরা,ভরতে,V;3;PST;HAB;INFM,2.7e-05,4.317391304347826e-05,bʱ ɔ ɹ t̪ e,1,V,3,PST,HAB,INFM,,,,,
ভরা,ভরবি,V;2;FUT;LGSPEC1,0.0,4.317391304347826e-05,bʱ ɔ ɹ b i,3,V,2,FUT,LGSPEC1,,,,,,
ভরা,ভরছিলাম,V;1;PST;PROG,0.0,4.317391304347826e-05,bʱ ɔ ɹ t͡ʃʰ i l a m,3,V,1,PST,PROG,,,,,,
ভরা,ভরছি,V;1;PRS;PROG,0.0,4.317391304347826e-05,bʱ ɔ ɹ o t͡ʃʰ i,4,V,1,PRS,PROG,,,,,,
ভরা,ভরেছিলো,V;2;PST;PRF;POL,0.0,4.317391304347826e-05,bʱ ɔ ɹ e t͡ʃʰ i l o,0,V,2,PST,PRF,POL,,,,,
ভরা,ভরে,V;V.PTCP;PRF,0.000496,4.317391304347826e-05,bʱ ɔ ɹ e,1,V,V.PTCP,PRF,,,,,,,
ভরা,ভরতে,V;V.NFIN,2.7e-05,4.317391304347826e-05,bʱ ɔ ɹ t̪ e,0,V,V.NFIN,,,,,,,,
ভরা,ভরেছো,V;3;PRS;PRF;INFM,0.0,4.317391304347826e-05,bʱ ɔ ɹ e t͡ʃʰ o,1,V,3,PRS,PRF,INFM,,,,,
ভরা,ভরবেন,V;3;FUT;POL,2e-06,4.317391304347826e-05,bʱ ɔ ɹ b e n,1,V,3,FUT,POL,,,,,,
ভরা,ভরছে,V;2;PRS;PROG;POL,2e-06,4.317391304347826e-05,bʱ ɔ ɹ o t͡ʃʰ e,1,V,2,PRS,PROG,POL,,,,,
ভরা,ভরে,V;2;PRS;POL,0.000496,4.317391304347826e-05,bʱ ɔ ɹ e,2,V,2,PRS,POL,,,,,,
ভরা,ভরতো,V;2;PST;HAB;POL,1e-06,4.317391304347826e-05,bʱ ɔ ɹ o t̪ o,0,V,2,PST,HAB,POL,,,,,
ভরা,ভরেছিলে,V;3;PST;PRF;INFM,0.0,4.317391304347826e-05,bʱ ɔ ɹ e t͡ʃʰ i l e,0,V,3,PST,PRF,INFM,,,,,
ভরা,ভরবো,V;1;FUT,3e-06,4.317391304347826e-05,bʱ ɔ ɹ b o,2,V,1,FUT,,,,,,,
ভরা,ভরতিস,V;2;PST;HAB;LGSPEC1,0.0,4.317391304347826e-05,bʱ ɔ ɹ t̪ i ʃ,1,V,2,PST,HAB,LGSPEC1,,,,,
ভরা,ভরি,V;1;PRS,7.1e-05,4.317391304347826e-05,bʱ ɔ ɹ i,4,V,1,PRS,,,,,,,
ভরা,ভরছিলি,V;2;PST;PROG;LGSPEC1,0.0,4.317391304347826e-05,bʱ ɔ ɹ t͡ʃʰ i l i,0,V,2,PST,PROG,LGSPEC1,,,,,
ভরা,ভরবে,V;2;FUT;POL,8e-06,4.317391304347826e-05,bʱ ɔ ɹ b e,3,V,2,FUT,POL,,,,,,
ভরা,ভরা,V;V.MSDR,0.000311,4.317391304347826e-05,bʱ ɔ ɹ a,3,V,V.MSDR,,,,,,,,
ভরা,ভরলাম,V;1;PST,0.0,4.317391304347826e-05,bʱ ɔ ɹ l a m,0,V,1,PST,,,,,,,
ভরা,ভরেন,V;3;PRS;POL,1e-06,4.317391304347826e-05,bʱ ɔ ɹ e n,3,V,3,PRS,POL,,,,,,
ভরা,ভরতেন,V;3;PST;HAB;POL,0.0,4.317391304347826e-05,bʱ ɔ ɹ t̪ e n,0,V,3,PST,HAB,POL,,,,,
ভরা,ভরেছিলি,V;2;PST;PRF;LGSPEC1,0.0,4.317391304347826e-05,bʱ ɔ ɹ e t͡ʃʰ i l i,4,V,2,PST,PRF,LGSPEC1,,,,,
ভরা,ভরলে,V;V.PTCP;COND,2e-06,4.317391304347826e-05,bʱ ɔ ɹ l e,0,V,V.PTCP,COND,,,,,,,
ভরা,ভরছো,V;3;PRS;PROG;INFM,0.0,4.317391304347826e-05,bʱ ɔ ɹ o t͡ʃʰ o,0,V,3,PRS,PROG,INFM,,,,,
ভরা,ভরতাম,V;1;PST;HAB,0.0,4.317391304347826e-05,bʱ ɔ ɹ t̪ a m,1,V,1,PST,HAB,,,,,,
ভরা,ভরেছে,V;2;PRS;PRF;POL,3e-06,4.317391304347826e-05,bʱ ɔ ɹ e t͡ʃʰ e,0,V,2,PRS,PRF,POL,,,,,
ভরা,ভরছিলে,V;3;PST;PROG;INFM,0.0,4.317391304347826e-05,bʱ ɔ ɹ t͡ʃʰ i l e,3,V,3,PST,PROG,INFM,,,,,
ভরা,ভরেছিলাম,V;1;PST;PRF,0.0,4.317391304347826e-05,bʱ ɔ ɹ e t͡ʃʰ i l a m,4,V,1,PST,PRF,,,,,,
ভরা,ভরিস,V;2;PRS;LGSPEC1,0.0,4.317391304347826e-05,bʱ ɔ ɹ i ʃ,2,V,2,PRS,LGSPEC1,,,,,,
অপেক্ষা করা,অপেক্ষা করলো,V;2;PST;POL,0.0,0.0,ɔ p e kʰː a k ɔ ɹ l o,3,V,2,PST,POL,,,,,,
অপেক্ষা করা,অপেক্ষা করেছি,V;1;PRS;PRF,0.0,0.0,ɔ p e kʰː a k ɔ ɹ e t͡ʃʰ i,0,V,1,PRS,PRF,,,,,,
অপেক্ষা করা,অপেক্ষা করছিলো,V;2;PST;PROG;POL,0.0,0.0,ɔ p e kʰː a k ɔ ɹ t͡ʃʰ i l o,3,V,2,PST,PROG,POL,,,,,
অপেক্ষা করা,অপেক্ষা করছিস,V;2;PRS;PROG;LGSPEC1,0.0,0.0,ɔ p e kʰː a k ɔ ɹ t͡ʃʰ i ʃ,4,V,2,PRS,PROG,LGSPEC1,,,,,
অপেক্ষা করা,অপেক্ষা করলে,V;3;PST;INFM,0.0,0.0,ɔ p e kʰː a k ɔ ɹ l e,4,V,3,PST,INFM,,,,,,
অপেক্ষা করা,অপেক্ষা করতেকরতে,V;V.PTCP;PROG,0.0,0.0,ɔ p e kʰː a k ɔ ɹ t̪ e k ɔ r ɔ t̪ e,2,V,V.PTCP,PROG,,,,,,,
অপেক্ষা করা,অপেক্ষা করলেন,V;3;PST;POL,0.0,0.0,ɔ p e kʰː a k ɔ ɹ l e n,0,V,3,PST,POL,,,,,,
অপেক্ষা করা,অপেক্ষা করেছেন,V;3;PRS;PRF;POL,0.0,0.0,ɔ p e kʰː a k ɔ ɹ e t͡ʃʰ e n,1,V,3,PRS,PRF,POL,,,,,
অপেক্ষা করা,অপেক্ষা করবে,V;3;FUT;INFM,0.0,0.0,ɔ p e kʰː a k ɔ ɹ b e,4,V,3,FUT,INFM,,,,,,
অপেক্ষা করা,অপেক্ষা করলি,V;2;PST;LGSPEC1,0.0,0.0,ɔ p e kʰː a k ɔ r o l i,2,V,2,PST,LGSPEC1,,,,,,
অপেক্ষা করা,অপেক্ষা করেকরে,V;V.PTCP;HAB,0.0,0.0,ɔ p e kʰː a k ɔ ɹ e k ɔ ɹ e,0,V,V.PTCP,HAB,,,,,,,
অপেক্ষা করা,অপেক্ষা করেছিলেন,V;3;PST;PRF;POL,0.0,0.0,ɔ p e kʰː a k ɔ ɹ e t͡ʃʰ i l e n,1,V,3,PST,PRF,POL,,,,,
অপেক্ষা করা,অপেক্ষা করো,V;3;PRS;INFM,0.0,0.0,ɔ p e kʰː a k ɔ ɹ o,1,V,3,PRS,INFM,,,,,,
অপেক্ষা করা,অপেক্ষা করেছিস,V;2;PRS;PRF;LGSPEC1,0.0,0.0,ɔ p e kʰː a k ɔ ɹ e t͡ʃʰ i ʃ,0,V,2,PRS,PRF,LGSPEC1,,,,,
অপেক্ষা করা,অপেক্ষা করছিলেন,V;3;PST;PROG;POL,0.0,0.0,ɔ p e kʰː a k ɔ ɹ t͡ʃʰ i l e n,0,V,3,PST,PROG,POL,,,,,
অপেক্ষা করা,অপেক্ষা করছেন,V;3;PRS;PROG;POL,0.0,0.0,ɔ p e kʰː a k ɔ ɹ o t͡ʃʰ e n,0,V,3,PRS,PROG,POL,,,,,
অপেক্ষা করা,অপেক্ষা করতে,V;3;PST;HAB;INFM,0.0,0.0,ɔ p e kʰː a k ɔ ɹ o t̪ e,2,V,3,PST,HAB,INFM,,,,,
অপেক্ষা করা,অপেক্ষা করবি,V;2;FUT;LGSPEC1,0.0,0.0,ɔ p e kʰː a k ɔ ɹ o b i,0,V,2,FUT,LGSPEC1,,,,,,
অপেক্ষা করা,অপেক্ষা করছিলাম,V;1;PST;PROG,0.0,0.0,ɔ p e kʰː a k ɔ ɹ t͡ʃʰ i l a m,0,V,1,PST,PROG,,,,,,
অপেক্ষা করা,অপেক্ষা করছি,V;1;PRS;PROG,0.0,0.0,ɔ p e kʰː a k ɔ ɹ o t͡ʃʰ i,3,V,1,PRS,PROG,,,,,,
অপেক্ষা করা,অপেক্ষা করেছিলো,V;2;PST;PRF;POL,0.0,0.0,ɔ p e kʰː a k ɔ ɹ e t͡ʃʰ i l o,0,V,2,PST,PRF,POL,,,,,
অপেক্ষা করা,অপেক্ষা করে,V;V.PTCP;PRF,0.0,0.0,ɔ p e kʰː a k ɔ ɹ e,4,V,V.PTCP,PRF,,,,,,,
অপেক্ষা করা,অপেক্ষা করতে,V;V.NFIN,0.0,0.0,ɔ p e kʰː a k ɔ ɹ o t̪ e,2,V,V.NFIN,,,,,,,,
অপেক্ষা করা,অপেক্ষা করেছো,V;3;PRS;PRF;INFM,0.0,0.0,ɔ p e kʰː a k ɔ ɹ e t͡ʃʰ o,0,V,3,PRS,PRF,INFM,,,,,
অপেক্ষা করা,অপেক্ষা করবেন,V;3;FUT;POL,0.0,0.0,ɔ p e kʰː a k ɔ ɹ b e n,0,V,3,FUT,POL,,,,,,
অপেক্ষা করা,অপেক্ষা করছে,V;2;PRS;PROG;POL,0.0,0.0,ɔ p e kʰː a k ɔ ɹ o t͡ʃʰ e,4,V,2,PRS,PROG,POL,,,,,
অপেক্ষা করা,অপেক্ষা করে,V;2;PRS;POL,0.0,0.0,ɔ p e kʰː a k ɔ ɹ e,1,V,2,PRS,POL,,,,,,
অপেক্ষা করা,অপেক্ষা করতো,V;2;PST;HAB;POL,0.0,0.0,ɔ p e kʰː a k ɔ ɹ o t̪ o,2,V,2,PST,HAB,POL,,,,,
অপেক্ষা করা,অপেক্ষা করেছিলে,V;3;PST;PRF;INFM,0.0,0.0,ɔ p e kʰː a k ɔ ɹ e t͡ʃʰ i l e,3,V,3,PST,PRF,INFM,,,,,
অপেক্ষা করা,অপেক্ষা করবো,V;1;FUT,0.0,0.0,ɔ p e kʰː a k ɔ ɹ o b o,0,V,1,FUT,,,,,,,
অপেক্ষা করা,অপেক্ষা করতিস,V;2;PST;HAB;LGSPEC1,0.0,0.0,ɔ p e kʰː a k ɔ ɹ o t̪ i ʃ,0,V,2,PST,HAB,LGSPEC1,,,,,
অপেক্ষা করা,অপেক্ষা করি,V;1;PRS,0.0,0.0,ɔ p e kʰː a k ɔ ɹ i,2,V,1,PRS,,,,,,,
অপেক্ষা করা,অপেক্ষা করছিলি,V;2;PST;PROG;LGSPEC1,0.0,0.0,ɔ p e kʰː a k ɔ ɹ t͡ʃʰ i l i,4,V,2,PST,PROG,LGSPEC1,,,,,
অপেক্ষা করা,অপেক্ষা করবে,V;2;FUT;POL,0.0,0.0,ɔ p e kʰː a k ɔ ɹ b e,2,V,2,FUT,POL,,,,,,
অপেক্ষা করা,অপেক্ষা করা,V;V.MSDR,0.0,0.0,ɔ p e kʰː a k ɔ ɹ a,4,V,V.MSDR,,,,,,,,
অপেক্ষা করা,অপেক্ষা করলাম,V;1;PST,0.0,0.0,ɔ p e kʰː a k ɔ ɹ l a m,0,V,1,PST,,,,,,,
অপেক্ষা করা,অপেক্ষা করেন,V;3;PRS;POL,0.0,0.0,ɔ p e kʰː a k ɔ ɹ e n,2,V,3,PRS,POL,,,,,,
অপেক্ষা করা,অপেক্ষা করতেন,V;3;PST;HAB;POL,0.0,0.0,ɔ p e kʰː a k ɔ ɹ t̪ e n,1,V,3,PST,HAB,POL,,,,,
অপেক্ষা করা,অপেক্ষা করেছিলি,V;2;PST;PRF;LGSPEC1,0.0,0.0,ɔ p e kʰː a k ɔ ɹ e t͡ʃʰ i l i,1,V,2,PST,PRF,LGSPEC1,,,,,
অপেক্ষা করা,অপেক্ষা করলে,V;V.PTCP;COND,0.0,0.0,ɔ p e kʰː a k ɔ ɹ l e,4,V,V.PTCP,COND,,,,,,,
অপেক্ষা করা,অপেক্ষা করছো,V;3;PRS;PROG;INFM,0.0,0.0,ɔ p e kʰː a k ɔ ɹ o t͡ʃʰ o,3,V,3,PRS,PROG,INFM,,,,,
অপেক্ষা করা,অপেক্ষা করতাম,V;1;PST;HAB,0.0,0.0,ɔ p e kʰː a k ɔ ɹ o t̪ a m,2,V,1,PST,HAB,,,,,,
অপেক্ষা করা,অপেক্ষা করেছে,V;2;PRS;PRF;POL,0.0,0.0,ɔ p e kʰː a k ɔ ɹ e t͡ʃʰ e,4,V,2,PRS,PRF,POL,,,,,
অপেক্ষা করা,অপেক্ষা করছিলে,V;3;PST;PROG;INFM,0.0,0.0,ɔ p e kʰː a k ɔ ɹ t͡ʃʰ i l e,4,V,3,PST,PROG,INFM,,,,,
অপেক্ষা করা,অপেক্ষা করেছিলাম,V;1;PST;PRF,0.0,0.0,ɔ p e kʰː a k ɔ ɹ e t͡ʃʰ i l a m,1,V,1,PST,PRF,,,,,,
অপেক্ষা করা,অপেক্ষা করিস,V;2;PRS;LGSPEC1,0.0,0.0,ɔ p e kʰː a k ɔ ɹ i ʃ,1,V,2,PRS,LGSPEC1,,,,,,
পরা,পরলো,V;2;PST;POL,6e-06,0.0005562608695652,p ɔ ɹ l o,0,V,2,PST,POL,,,,,,
পরা,পরেছি,V;1;PRS;PRF,1.5e-05,0.0005562608695652,p ɔ ɹ e t͡ʃʰ i,0,V,1,PRS,PRF,,,,,,
পরা,পরছিলো,V;2;PST;PROG;POL,0.0,0.0005562608695652,p ɔ ɹ t͡ʃʰ i l o,1,V,2,PST,PROG,POL,,,,,
পরা,পরছিস,V;2;PRS;PROG;LGSPEC1,0.0,0.0005562608695652,p ɔ ɹ t͡ʃʰ i ʃ,1,V,2,PRS,PROG,LGSPEC1,,,,,
পরা,পরলে,V;3;PST;INFM,9.2e-05,0.0005562608695652,p ɔ ɹ l e,2,V,3,PST,INFM,,,,,,
পরা,পরতে,V;V.PTCP;PROG,0.000285,0.0005562608695652,p ɔ ɹ t̪ e,4,V,V.PTCP,PROG,,,,,,,
পরা,পরলেন,V;3;PST;POL,6e-06,0.0005562608695652,p ɔ ɹ l e n,4,V,3,PST,POL,,,,,,
পরা,পরেছেন,V;3;PRS;PRF;POL,1.3e-05,0.0005562608695652,p ɔ ɹ e t͡ʃʰ e n,4,V,3,PRS,PRF,POL,,,,,
পরা,পরবে,V;3;FUT;INFM,6.3e-05,0.0005562608695652,p ɔ ɹ b e,4,V,3,FUT,INFM,,,,,,
পরা,পরলি,V;2;PST;LGSPEC1,0.0,0.0005562608695652,p ɔ ɹ l i,4,V,2,PST,LGSPEC1,,,,,,
পরা,পরে,V;V.PTCP;HAB,0.007965,0.0005562608695652,p ɔ ɹ e,3,V,V.PTCP,HAB,,,,,,,
পরা,পরেছিলেন,V;3;PST;PRF;POL,6e-06,0.0005562608695652,p ɔ ɹ e t͡ʃʰ i l e n,1,V,3,PST,PRF,POL,,,,,
পরা,পরো,V;3;PRS;INFM,9e-06,0.0005562608695652,p ɔ ɹ o,1,V,3,PRS,INFM,,,,,,
পরা,পরেছিস,V;2;PRS;PRF;LGSPEC1,0.0,0.0005562608695652,p ɔ ɹ e t͡ʃʰ i ʃ,3,V,2,PRS,PRF,LGSPEC1,,,,,
পরা,পরছিলেন,V;3;PST;PROG;POL,1e-06,0.0005562608695652,p ɔ ɹ t͡ʃʰ i l e n,3,V,3,PST,PROG,POL,,,,,
পরা,পরছেন,V;3;PRS;PROG;POL,8e-06,0.0005562608695652,p ɔ ɹ t͡ʃʰ e n,3,V,3,PRS,PROG,POL,,,,,
পরা,পরতে,V;3;PST;HAB;INFM,0.000285,0.0005562608695652,p ɔ ɹ t̪ e,3,V,3,PST,HAB,INFM,,,,,
পরা,পরবি,V;2;FUT;LGSPEC1,0.0,0.0005562608695652,p ɔ ɹ b i,0,V,2,FUT,LGSPEC1,,,,,,
পরা,পরছিলাম,V;1;PST;PROG,0.0,0.0005562608695652,p ɔ ɹ t͡ʃʰ i l a m,0,V,1,PST,PROG,,,,,,
পরা,পরছি,V;1;PRS;PROG,8e-06,0.0005562608695652,p ɔ ɹ o t͡ʃʰ i,3,V,1,PRS,PROG,,,,,,
পরা,পরেছিলো,V;2;PST;PRF;POL,0.0,0.0005562608695652,p ɔ ɹ e t͡ʃʰ i l o,1,V,2,PST,PRF,POL,,,,,
পরা,পরে,V;V.PTCP;PRF,0.007965,0.0005562608695652,p ɔ ɹ e,1,V,V.PTCP,PRF,,,,,,,
পরা,পরতে,V;V.NFIN,0.000285,0.0005562608695652,p ɔ ɹ t̪ e,2,V,V.NFIN,,,,,,,,
পরা,পরেছো,V;3;PRS;PRF;INFM,0.0,0.0005562608695652,p ɔ ɹ e t͡ʃʰ o,0,V,3,PRS,PRF,INFM,,,,,
পরা,পরবেন,V;3;FUT;POL,4.8e-05,0.0005562608695652,p ɔ ɹ b e n,3,V,3,FUT,POL,,,,,,
পরা,পরছে,V;2;PRS;PROG;POL,1.6e-05,0.0005562608695652,p ɔ ɹ o t͡ʃʰ e,4,V,2,PRS,PROG,POL,,,,,
পরা,পরে,V;2;PRS;POL,0.007965,0.0005562608695652,p ɔ ɹ e,4,V,2,PRS,POL,,,,,,
পরা,পরতো,V;2;PST;HAB;POL,6e-06,0.0005562608695652,p ɔ ɹ o t̪ o,3,V,2,PST,HAB,POL,,,,,
পরা,পরেছিলে,V;3;PST;PRF;INFM,0.0,0.0005562608695652,p ɔ ɹ e t͡ʃʰ i l e,3,V,3,PST,PRF,INFM,,,,,
পরা,পরবো,V;1;FUT,3e-06,0.0005562608695652,p ɔ ɹ b o,4,V,1,FUT,,,,,,,
পরা,পরতিস,V;2;PST;HAB;LGSPEC1,0.0,0.0005562608695652,p ɔ ɹ o t̪ i ʃ,0,V,2,PST,HAB,LGSPEC1,,,,,
পরা,পরি,V;1;PRS,4.2e-05,0.0005562608695652,p ɔ ɹ i,2,V,1,PRS,,,,,,,
পরা,পরছিলি,V;2;PST;PROG;LGSPEC1,0.0,0.0005562608695652,p ɔ ɹ t͡ʃʰ i l i,3,V,2,PST,PROG,LGSPEC1,,,,,
পরা,পরবে,V;2;FUT;POL,6.3e-05,0.0005562608695652,p ɔ ɹ b e,3,V,2,FUT,POL,,,,,,
পরা,পরা,V;V.MSDR,0.000212,0.0005562608695652,p ɔ ɹ a,3,V,V.MSDR,,,,,,,,
পরা,পরলাম,V;1;PST,1.1e-05,0.0005562608695652,p ɔ ɹ l a m,2,V,1,PST,,,,,,,
পরা,পরেন,V;3;PRS;POL,6.8e-05,0.0005562608695652,p ɔ ɹ e n,0,V,3,PRS,POL,,,,,,
পরা,পরতেন,V;3;PST;HAB;POL,1.3e-05,0.0005562608695652,p ɔ ɹ t̪ e n,0,V,3,PST,HAB,POL,,,,,
পরা,পরেছিলি,V;2;PST;PRF;LGSPEC1,0.0,0.0005562608695652,p ɔ ɹ e t͡ʃʰ i l i,1,V,2,PST,PRF,LGSPEC1,,,,,
পরা,পরলে,V;V.PTCP;COND,9.2e-05,0.0005562608695652,p ɔ ɹ l e,4,V,V.PTCP,COND,,,,,,,
পরা,পরছো,V;3;PRS;PROG;INFM,0.0,0.0005562608695652,p ɔ ɹ o t͡ʃʰ o,0,V,3,PRS,PROG,INFM,,,,,
পরা,পরতাম,V;1;PST;HAB,1e-06,0.0005562608695652,p ɔ ɹ t̪ a m,4,V,1,PST,HAB,,,,,,
পরা,পরেছে,V;2;PRS;PRF;POL,2.8e-05,0.0005562608695652,p ɔ ɹ e t͡ʃʰ e,4,V,2,PRS,PRF,POL,,,,,
পরা,পরছিলে,V;3;PST;PROG;INFM,0.0,0.0005562608695652,p ɔ ɹ t͡ʃʰ i l e,1,V,3,PST,PROG,INFM,,,,,
পরা,পরেছিলাম,V;1;PST;PRF,8e-06,0.0005562608695652,p ɔ ɹ e t͡ʃʰ i l a m,2,V,1,PST,PRF,,,,,,
পরা,পরিস,V;2;PRS;LGSPEC1,0.0,0.0005562608695652,p ɔ ɹ i ʃ,0,V,2,PRS,LGSPEC1,,,,,,
বন্ধ করা,বন্ধ করলো,V;2;PST;POL,0.0,0.0,b ɔ n d̪ʱ o k ɔ ɹ o l o,2,V,2,PST,POL,,,,,,
বন্ধ করা,বন্ধ করেছি,V;1;PRS;PRF,0.0,0.0,b ɔ n d̪ʱ o k ɔ ɹ e t͡ʃʰ i,3,V,1,PRS,PRF,,,,,,
বন্ধ করা,বন্ধ করছিলো,V;2;PST;PROG;POL,0.0,0.0,b ɔ n d̪ʱ o k ɔ ɹ t͡ʃʰ i l o,2,V,2,PST,PROG,POL,,,,,
বন্ধ করা,বন্ধ করছিস,V;2;PRS;PROG;LGSPEC1,0.0,0.0,b ɔ n d̪ʱ o k ɔ ɹ t͡ʃʰ i ʃ,4,V,2,PRS,PROG,LGSPEC1,,,,,
বন্ধ করা,বন্ধ করলে,V;3;PST;INFM,0.0,0.0,b ɔ n d̪ʱ o k ɔ ɹ l e,0,V,3,PST,INFM,,,,,,
বন্ধ করা,বন্ধ করতেকরতে,V;V.PTCP;PROG,0.0,0.0,b ɔ n d̪ʱ o k ɔ ɹ t̪ e k ɔ r o t̪ e,3,V,V.PTCP,PROG,,,,,,,
বন্ধ করা,বন্ধ করলেন,V;3;PST;POL,0.0,0.0,b ɔ n d̪ʱ o k ɔ ɹ l e n,4,V,3,PST,POL,,,,,,
বন্ধ করা,বন্ধ করেছেন,V;3;PRS;PRF;POL,0.0,0.0,b ɔ n d̪ʱ o k ɔ ɹ e t͡ʃʰ e n,2,V,3,PRS,PRF,POL,,,,,
বন্ধ করা,বন্ধ করবে,V;3;FUT;INFM,0.0,0.0,b ɔ n d̪ʱ o k ɔ ɹ b e,1,V,3,FUT,INFM,,,,,,
বন্ধ করা,বন্ধ করলি,V;2;PST;LGSPEC1,0.0,0.0,b ɔ n d̪ʱ o k ɔ ɹ o l i,1,V,2,PST,LGSPEC1,,,,,,
বন্ধ করা,বন্ধ করেকরে,V;V.PTCP;HAB,0.0,0.0,b ɔ n d̪ʱ o k ɔ ɹ e k ɔ ɹ e,0,V,V.PTCP,HAB,,,,,,,
বন্ধ করা,বন্ধ করেছিলেন,V;3;PST;PRF;POL,0.0,0.0,b ɔ n d̪ʱ o k ɔ ɹ e t͡ʃʰ i l e n,1,V,3,PST,PRF,POL,,,,,
বন্ধ করা,বন্ধ করো,V;3;PRS;INFM,0.0,0.0,b ɔ n d̪ʱ o k o ɹ o,3,V,3,PRS,INFM,,,,,,
বন্ধ করা,বন্ধ করেছিস,V;2;PRS;PRF;LGSPEC1,0.0,0.0,b ɔ n d̪ʱ o k ɔ ɹ e t͡ʃʰ i ʃ,2,V,2,PRS,PRF,LGSPEC1,,,,,
বন্ধ করা,বন্ধ করছিলেন,V;3;PST;PROG;POL,0.0,0.0,b ɔ n d̪ʱ o k ɔ ɹ t͡ʃʰ i l e n,2,V,3,PST,PROG,POL,,,,,
বন্ধ করা,বন্ধ করছেন,V;3;PRS;PROG;POL,0.0,0.0,b ɔ n d̪ʱ o k ɔ ɹ o t͡ʃʰ e n,4,V,3,PRS,PROG,POL,,,,,
বন্ধ করা,বন্ধ করতে,V;3;PST;HAB;INFM,0.0,0.0,b ɔ n d̪ʱ o k ɔ ɹ o t̪ e,3,V,3,PST,HAB,INFM,,,,,
বন্ধ করা,বন্ধ করবি,V;2;FUT;LGSPEC1,0.0,0.0,b ɔ n d̪ʱ o k ɔ ɹ o b i,0,V,2,FUT,LGSPEC1,,,,,,
বন্ধ করা,বন্ধ করছিলাম,V;1;PST;PROG,0.0,0.0,b ɔ n d̪ʱ o k ɔ ɹ t͡ʃʰ i l a m,3,V,1,PST,PROG,,,,,,
বন্ধ করা,বন্ধ করছি,V;1;PRS;PROG,0.0,0.0,b ɔ n d̪ʱ o k ɔ ɹ o t͡ʃʰ i,0,V,1,PRS,PROG,,,,,,
বন্ধ করা,বন্ধ করেছিলো,V;2;PST;PRF;POL,0.0,0.0,b ɔ n d̪ʱ o k ɔ ɹ e t͡ʃʰ i l o,4,V,2,PST,PRF,POL,,,,,
বন্ধ করা,বন্ধ করে,V;V.PTCP;PRF,0.0,0.0,b ɔ n d̪ʱ o k ɔ ɹ e,2,V,V.PTCP,PRF,,,,,,,
বন্ধ করা,বন্ধ করতে,V;V.NFIN,0.0,0.0,b ɔ n d̪ʱ o k ɔ ɹ o t̪ e,1,V,V.NFIN,,,,,,,,
বন্ধ করা,বন্ধ করেছো,V;3;PRS;PRF;INFM,0.0,0.0,b ɔ n d̪ʱ o k ɔ ɹ e t͡ʃʰ o,1,V,3,PRS,PRF,INFM,,,,,
বন্ধ করা,বন্ধ করবেন,V;3;FUT;POL,0.0,0.0,b ɔ n d̪ʱ o k ɔ ɹ b e n,0,V,3,FUT,POL,,,,,,
বন্ধ করা,বন্ধ করছে,V;2;PRS;PROG;POL,0.0,0.0,b ɔ n d̪ʱ o k ɔ ɹ o t͡ʃʰ e,3,V,2,PRS,PROG,POL,,,,,
বন্ধ করা,বন্ধ করে,V;2;PRS;POL,0.0,0.0,b ɔ n d̪ʱ o k ɔ ɹ e,1,V,2,PRS,POL,,,,,,
বন্ধ করা,বন্ধ করতো,V;2;PST;HAB;POL,0.0,0.0,b ɔ n d̪ʱ o k ɔ ɹ o t̪ o,4,V,2,PST,HAB,POL,,,,,
বন্ধ করা,বন্ধ করেছিলে,V;3;PST;PRF;INFM,0.0,0.0,b ɔ n d̪ʱ o k ɔ ɹ e t͡ʃʰ i l e,1,V,3,PST,PRF,INFM,,,,,
বন্ধ করা,বন্ধ করবো,V;1;FUT,0.0,0.0,b ɔ n d̪ʱ o k ɔ ɹ o b o,4,V,1,FUT,,,,,,,
বন্ধ করা,বন্ধ করতিস,V;2;PST;HAB;LGSPEC1,0.0,0.0,b ɔ n d̪ʱ o k ɔ ɹ o t̪ i ʃ,0,V,2,PST,HAB,LGSPEC1,,,,,
বন্ধ করা,বন্ধ করি,V;1;PRS,0.0,0.0,b ɔ n d̪ʱ o k o ɹ i,1,V,1,PRS,,,,,,,
বন্ধ করা,বন্ধ করছিলি,V;2;PST;PROG;LGSPEC1,0.0,0.0,b ɔ n d̪ʱ o k ɔ ɹ t͡ʃʰ i l i,1,V,2,PST,PROG,LGSPEC1,,,,,
বন্ধ করা,বন্ধ করবে,V;2;FUT;POL,0.0,0.0,b ɔ n d̪ʱ o k ɔ ɹ b e,2,V,2,FUT,POL,,,,,,
বন্ধ করা,বন্ধ করা,V;V.MSDR,0.0,0.0,b ɔ n d̪ʱ o k ɔ ɹ a,0,V,V.MSDR,,,,,,,,
বন্ধ করা,বন্ধ করলাম,V;1;PST,0.0,0.0,b ɔ n d̪ʱ o k ɔ ɹ l a m,3,V,1,PST,,,,,,,
বন্ধ করা,বন্ধ করেন,V;3;PRS;POL,0.0,0.0,b ɔ n d̪ʱ o k ɔ ɹ e n,4,V,3,PRS,POL,,,,,,
বন্ধ করা,বন্ধ করতেন,V;3;PST;HAB;POL,0.0,0.0,b ɔ n d̪ʱ o k ɔ ɹ t̪ e n,3,V,3,PST,HAB,POL,,,,,
বন্ধ করা,বন্ধ করেছিলি,V;2;PST;PRF;LGSPEC1,0.0,0.0,b ɔ n d̪ʱ o k ɔ ɹ e t͡ʃʰ i l i,0,V,2,PST,PRF,LGSPEC1,,,,,
বন্ধ করা,বন্ধ করলে,V;V.PTCP;COND,0.0,0.0,b ɔ n d̪ʱ o k ɔ ɹ l e,0,V,V.PTCP,COND,,,,,,,
বন্ধ করা,বন্ধ করছো,V;3;PRS;PROG;INFM,0.0,0.0,b ɔ n d̪ʱ o k ɔ ɹ o t͡ʃʰ o,2,V,3,PRS,PROG,INFM,,,,,
বন্ধ করা,বন্ধ করতাম,V;1;PST;HAB,0.0,0.0,b ɔ n d̪ʱ o k ɔ ɹ o t̪ a m,0,V,1,PST,HAB,,,,,,
বন্ধ করা,বন্ধ করেছে,V;2;PRS;PRF;POL,0.0,0.0,b ɔ n d̪ʱ o k ɔ ɹ e t͡ʃʰ e,0,V,2,PRS,PRF,POL,,,,,
বন্ধ করা,বন্ধ করছিলে,V;3;PST;PROG;INFM,0.0,0.0,b ɔ n d̪ʱ o k ɔ ɹ t͡ʃʰ i l e,1,V,3,PST,PROG,INFM,,,,,
বন্ধ করা,বন্ধ করেছিলাম,V;1;PST;PRF,0.0,0.0,b ɔ n d̪ʱ o k ɔ ɹ e t͡ʃʰ i l a m,0,V,1,PST,PRF,,,,,,
বন্ধ করা,বন্ধ করিস,V;2;PRS;LGSPEC1,0.0,0.0,b ɔ n d̪ʱ o k ɔ ɹ i ʃ,2,V,2,PRS,LGSPEC1,,,,,,
অনুবাদ করা,অনুবাদ করলো,V;2;PST;POL,0.0,0.0,ɔ n u b a d̪ k ɔ ɹ l o,2,V,2,PST,POL,,,,,,
অনুবাদ করা,অনুবাদ করেছি,V;1;PRS;PRF,0.0,0.0,ɔ n u b a d̪ k o ɹ e t͡ʃʰ i,4,V,1,PRS,PRF,,,,,,
অনুবাদ করা,অনুবাদ করছিলো,V;2;PST;PROG;POL,0.0,0.0,ɔ n u b a d̪ k ɔ ɹ t͡ʃʰ i l o,0,V,2,PST,PROG,POL,,,,,
অনুবাদ করা,অনুবাদ করছিস,V;2;PRS;PROG;LGSPEC1,0.0,0.0,o n u b a d̪ k ɔ ɹ t͡ʃʰ i ʃ,3,V,2,PRS,PROG,LGSPEC1,,,,,
অনুবাদ করা,অনুবাদ করলে,V;3;PST;INFM,0.0,0.0,ɔ n u b a d̪ k ɔ ɹ l e,4,V,3,PST,INFM,,,,,,
অনুবাদ করা,অনুবাদ করতেকরতে,V;V.PTCP;PROG,0.0,0.0,ɔ n u b a d̪ o k o ɹ t̪ e k ɔ r o t̪ e,3,V,V.PTCP,PROG,,,,,,,
অনুবাদ করা,অনুবাদ করলেন,V;3;PST;POL,0.0,0.0,ɔ n u b a d̪ k ɔ ɹ l e n,4,V,3,PST,POL,,,,,,
অনুবাদ করা,অনুবাদ করেছেন,V;3;PRS;PRF;POL,0.0,0.0,ɔ n u b a d̪ k o ɹ e t͡ʃʰ e n,3,V,3,PRS,PRF,POL,,,,,
অনুবাদ করা,অনুবাদ করবে,V;3;FUT;INFM,0.0,0.0,ɔ n u b a d̪ k ɔ ɹ b e,4,V,3,FUT,INFM,,,,,,
অনুবাদ করা,অনুবাদ করলি,V;2;PST;LGSPEC1,0.0,0.0,ɔ n u b a d̪ k ɔ ɹ o l i,4,V,2,PST,LGSPEC1,,,,,,
অনুবাদ করা,অনুবাদ করেকরে,V;V.PTCP;HAB,0.0,0.0,ɔ n u b a d̪ k o ɹ e k ɔ ɹ e,1,V,V.PTCP,HAB,,,,,,,
অনুবাদ করা,অনুবাদ করেছিলেন,V;3;PST;PRF;POL,0.0,0.0,ɔ n u b a d̪ k o ɹ e t͡ʃʰ i l e n,1,V,3,PST,PRF,POL,,,,,
অনুবাদ করা,অনুবাদ করো,V;3;PRS;INFM,0.0,0.0,ɔ n u b a d̪ k o ɹ o,1,V,3,PRS,INFM,,,,,,
অনুবাদ করা,অনুবাদ করেছিস,V;2;PRS;PRF;LGSPEC1,0.0,0.0,ɔ n u b a d̪ k o ɹ e t͡ʃʰ i ʃ,2,V,2,PRS,PRF,LGSPEC1,,,,,
অনুবাদ করা,অনুবাদ করছিলেন,V;3;PST;PROG;POL,0.0,0.0,ɔ n u b a d̪ o k o ɹ t͡ʃʰ i l e n,1,V,3,PST,PROG,POL,,,,,
অনুবাদ করা,অনুবাদ করছেন,V;3;PRS;PROG;POL,0.0,0.0,ɔ n u b a d̪ k ɔ ɹ t͡ʃʰ e n,4,V,3,PRS,PROG,POL,,,,,
অনুবাদ করা,অনুবাদ করতে,V;3;PST;HAB;INFM,0.0,0.0,ɔ n u b a d̪ k ɔ ɹ o t̪ e,0,V,3,PST,HAB,INFM,,,,,
অনুবাদ করা,অনুবাদ করবি,V;2;FUT;LGSPEC1,0.0,0.0,ɔ n u b a d̪ k ɔ ɹ o b i,3,V,2,FUT,LGSPEC1,,,,,,
অনুবাদ করা,অনুবাদ করছিলাম,V;1;PST;PROG,0.0,0.0,ɔ n u b a d̪ o k o ɹ t͡ʃʰ i l a m,1,V,1,PST,PROG,,,,,,
অনুবাদ করা,অনুবাদ করছি,V;1;PRS;PROG,0.0,0.0,ɔ n u b a d̪ k ɔ ɹ o t͡ʃʰ i,4,V,1,PRS,PROG,,,,,,
অনুবাদ করা,অনুবাদ করেছিলো,V;2;PST;PRF;POL,0.0,0.0,ɔ n u b a d̪ k o ɹ e t͡ʃʰ i l o,0,V,2,PST,PRF,POL,,,,,
অনুবাদ করা,অনুবাদ করে,V;V.PTCP;PRF,0.0,0.0,ɔ n u b a d̪ k ɔ ɹ e,1,V,V.PTCP,PRF,,,,,,,
অনুবাদ করা,অনুবাদ করতে,V;V.NFIN,0.0,0.0,ɔ n u b a d̪ k ɔ ɹ o t̪ e,0,V,V.NFIN,,,,,,,,
অনুবাদ করা,অনুবাদ করেছো,V;3;PRS;PRF;INFM,0.0,0.0,ɔ n u b a d̪ k ɔ ɹ e t͡ʃʰ o,0,V,3,PRS,PRF,INFM,,,,,
অনুবাদ করা,অনুবাদ করবেন,V;3;FUT;POL,0.0,0.0,ɔ n u b a d̪ k ɔ ɹ b e n,4,V,3,FUT,POL,,,,,,
অনুবাদ করা,অনুবাদ করছে,V;2;PRS;PROG;POL,0.0,0.0,ɔ n u b a d̪ k ɔ ɹ o t͡ʃʰ e,1,V,2,PRS,PROG,POL,,,,,
অনুবাদ করা,অনুবাদ করে,V;2;PRS;POL,0.0,0.0,ɔ n u b a d̪ k ɔ ɹ e,0,V,2,PRS,POL,,,,,,
অনুবাদ করা,অনুবাদ করতো,V;2;PST;HAB;POL,0.0,0.0,ɔ n u b a d̪ k ɔ ɹ o t̪ o,2,V,2,PST,HAB,POL,,,,,
অনুবাদ করা,অনুবাদ করেছিলে,V;3;PST;PRF;INFM,0.0,0.0,ɔ n u b a d̪ k o ɹ e t͡ʃʰ i l e,2,V,3,PST,PRF,INFM,,,,,
অনুবাদ করা,অনুবাদ করবো,V;1;FUT,0.0,0.0,ɔ n u b a d̪ k ɔ ɹ o b o,0,V,1,FUT,,,,,,,
অনুবাদ করা,অনুবাদ করতিস,V;2;PST;HAB;LGSPEC1,0.0,0.0,o n u b a d̪ k ɔ ɹ o t̪ i ʃ,0,V,2,PST,HAB,LGSPEC1,,,,,
অনুবাদ করা,অনুবাদ করি,V;1;PRS,0.0,0.0,ɔ n u b a d̪ k ɔ ɹ i,2,V,1,PRS,,,,,,,
অনুবাদ করা,অনুবাদ করছিলি,V;2;PST;PROG;LGSPEC1,0.0,0.0,ɔ n u b a d̪ k ɔ ɹ t͡ʃʰ i l i,1,V,2,PST,PROG,LGSPEC1,,,,,
অনুবাদ করা,অনুবাদ করবে,V;2;FUT;POL,0.0,0.0,ɔ n u b a d̪ k ɔ ɹ b e,1,V,2,FUT,POL,,,,,,
অনুবাদ করা,অনুবাদ করা,V;V.MSDR,0.0,0.0,ɔ n u b a d̪ k ɔ ɹ a,2,V,V.MSDR,,,,,,,,
অনুবাদ করা,অনুবাদ করলাম,V;1;PST,0.0,0.0,ɔ n u b a d̪ k ɔ ɹ l a m,0,V,1,PST,,,,,,,
অনুবাদ করা,অনুবাদ করেন,V;3;PRS;POL,0.0,0.0,ɔ n u b a d̪ k ɔ ɹ e n,2,V,3,PRS,POL,,,,,,
অনুবাদ করা,অনুবাদ করতেন,V;3;PST;HAB;POL,0.0,0.0,ɔ n u b a d̪ k ɔ ɹ t̪ e n,1,V,3,PST,HAB,POL,,,,,
অনুবাদ করা,অনুবাদ করেছিলি,V;2;PST;PRF;LGSPEC1,0.0,0.0,o n u b a d̪ k o ɹ e t͡ʃʰ i l i,1,V,2,PST,PRF,LGSPEC1,,,,,
অনুবাদ করা,অনুবাদ করলে,V;V.PTCP;COND,0.0,0.0,ɔ n u b a d̪ k ɔ ɹ l e,3,V,V.PTCP,COND,,,,,,,
অনুবাদ করা,অনুবাদ করছো,V;3;PRS;PROG;INFM,0.0,0.0,ɔ n u b a d̪ k ɔ ɹ o t͡ʃʰ o,4,V,3,PRS,PROG,INFM,,,,,
অনুবাদ করা,অনুবাদ করতাম,V;1;PST;HAB,0.0,0.0,ɔ n u b a d̪ k ɔ ɹ t̪ a m,1,V,1,PST,HAB,,,,,,
অনুবাদ করা,অনুবাদ করেছে,V;2;PRS;PRF;POL,0.0,0.0,ɔ n u b a d̪ k ɔ ɹ e t͡ʃʰ e,4,V,2,PRS,PRF,POL,,,,,
অনুবাদ করা,অনুবাদ করছিলে,V;3;PST;PROG;INFM,0.0,0.0,ɔ n u b a d̪ k ɔ ɹ t͡ʃʰ i l e,2,V,3,PST,PROG,INFM,,,,,
অনুবাদ করা,অনুবাদ করেছিলাম,V;1;PST;PRF,0.0,0.0,ɔ n u b a d̪ k o ɹ e t͡ʃʰ i l a m,3,V,1,PST,PRF,,,,,,
অনুবাদ করা,অনুবাদ করিস,V;2;PRS;LGSPEC1,0.0,0.0,o n u b a d̪ k ɔ ɹ i ʃ,2,V,2,PRS,LGSPEC1,,,,,,
লেখা,লিখলো,V;2;PST;POL,7e-06,0.0002452391304347,l i kʰ l o,4,V,2,PST,POL,,,,,,
লেখা,লিখেছি,V;1;PRS;PRF,5.6e-05,0.0002452391304347,l i kʰ e t͡ʃʰ i,3,V,1,PRS,PRF,,,,,,
লেখা,লিখছিলো,V;2;PST;PROG;POL,0.0,0.0002452391304347,l i kʰ s i l o,4,V,2,PST,PROG,POL,,,,,
লেখা,লিখছিস,V;2;PRS;PROG;LGSPEC1,0.0,0.0002452391304347,l i kʰ s i ʃ,4,V,2,PRS,PROG,LGSPEC1,,,,,
লেখা,লিখলে,V;3;PST;INFM,0.000126,0.0002452391304347,l i kʰ l e,3,V,3,PST,INFM,,,,,,
লেখা,লিখতে,V;V.PTCP;PROG,0.001092,0.0002452391304347,l i kʰ t̪ e,4,V,V.PTCP,PROG,,,,,,,
লেখা,লিখলেন,V;3;PST;POL,4.8e-05,0.0002452391304347,l i kʰ l e n,3,V,3,PST,POL,,,,,,
লেখা,লিখেছেন,V;3;PRS;PRF;POL,0.000659,0.0002452391304347,l i kʰ e t͡ʃʰ e n,1,V,3,PRS,PRF,POL,,,,,
লেখা,লিখবে,V;3;FUT;INFM,1.6e-05,0.0002452391304347,l i kʰ b e,2,V,3,FUT,INFM,,,,,,
লেখা,লিখলি,V;2;PST;LGSPEC1,0.0,0.0002452391304347,l i kʰ l i,1,V,2,PST,LGSPEC1,,,,,,
লেখা,লিখে,V;V.PTCP;HAB,0.001476,0.0002452391304347,l i kʰ e,1,V,V.PTCP,HAB,,,,,,,
লেখা,লিখেছিলেন,V;3;PST;PRF;POL,8e-05,0.0002452391304347,l i kʰ e t͡ʃʰ i l e n,4,V,3,PST,PRF,POL,,,,,
লেখা,লেখো,V;3;PRS;INFM,4e-06,0.0002452391304347,l e kʰ o,0,V,3,PRS,INFM,,,,,,
লেখা,লিখেছিস,V;2;PRS;PRF;LGSPEC1,2e-06,0.0002452391304347,l i kʰ e t͡ʃʰ i ʃ,4,V,2,PRS,PRF,LGSPEC1,,,,,
লেখা,লিখছিলেন,V;3;PST;PROG;POL,2e-06,0.0002452391304347,l i kʰ s i l e n,2,V,3,PST,PROG,POL,,,,,
লেখা,লিখছেন,V;3;PRS;PROG;POL,4.4e-05,0.0002452391304347,l i kʰ s e n,1,V,3,PRS,PROG,POL,,,,,
লেখা,লিখতে,V;3;PST;HAB;INFM,0.001092,0.0002452391304347,l i kʰ t̪ e,1,V,3,PST,HAB,INFM,,,,,
লেখা,লিখবি,V;2;FUT;LGSPEC1,0.0,0.0002452391304347,l i kʰ b i,4,V,2,FUT,LGSPEC1,,,,,,
লেখা,লিখছিলাম,V;1;PST;PROG,3e-06,0.0002452391304347,l i kʰ s i l a m,4,V,1,PST,PROG,,,,,,
লেখা,লিখছি,V;1;PRS;PROG,7.7e-05,0.0002452391304347,l i kʰ s i,4,V,1,PRS,PROG,,,,,,
লেখা,লিখেছিলো,V;2;PST;PRF;POL,0.0,0.0002452391304347,l i kʰ e t͡ʃʰ i l o,4,V,2,PST,PRF,POL,,,,,
লেখা,লিখে,V;V.PTCP;PRF,0.001476,0.0002452391304347,l i kʰ e,1,V,V.PTCP,PRF,,,,,,,
লেখা,লিখতে,V;V.NFIN,0.001092,0.0002452391304347,l i kʰ t̪ e,1,V,V.NFIN,,,,,,,,
লেখা,লিখেছো,V;3;PRS;PRF;INFM,3e-06,0.0002452391304347,l i kʰ e t͡ʃʰ o,3,V,3,PRS,PRF,INFM,,,,,
লেখা,লিখবেন,V;3;FUT;POL,0.000133,0.0002452391304347,l i kʰ b e n,3,V,3,FUT,POL,,,,,,
লেখা,লিখছে,V;2;PRS;PROG;POL,1.6e-05,0.0002452391304347,l i kʰ s e,3,V,2,PRS,PROG,POL,,,,,
লেখা,লেখে,V;2;PRS;POL,4.1e-05,0.0002452391304347,l e kʰ e,1,V,2,PRS,POL,,,,,,
লেখা,লিখতো,V;2;PST;HAB;POL,1e-06,0.0002452391304347,l i kʰ t̪ o,4,V,2,PST,HAB,POL,,,,,
লেখা,লিখেছিলে,V;3;PST;PRF;INFM,0.0,0.0002452391304347,l i kʰ e t͡ʃʰ i l e,0,V,3,PST,PRF,INFM,,,,,
লেখা,লিখবো,V;1;FUT,4.3e-05,0.0002452391304347,l i kʰ b o,3,V,1,FUT,,,,,,,
লেখা,লিখতিস,V;2;PST;HAB;LGSPEC1,0.0,0.0002452391304347,l i kʰ t̪ i ʃ,1,V,2,PST,HAB,LGSPEC1,,,,,
লেখা,লিখি,V;1;PRS,8.2e-05,0.0002452391304347,l i kʰ i,4,V,1,PRS,,,,,,,
লেখা,লিখছিলি,V;2;PST;PROG;LGSPEC1,0.0,0.0002452391304347,l i kʰ s i l i,0,V,2,PST,PROG,LGSPEC1,,,,,
লেখা,লিখবে,V;2;FUT;POL,1.6e-05,0.0002452391304347,l i kʰ b e,3,V,2,FUT,POL,,,,,,
লেখা,লেখা,V;V.MSDR,0.003131,0.0002452391304347,l e kʰ a,4,V,V.MSDR,,,,,,,,
লেখা,লিখলাম,V;1;PST,5.4e-05,0.0002452391304347,l i kʰ l a m,3,V,1,PST,,,,,,,
লেখা,লেখেন,V;3;PRS;POL,0.000148,0.0002452391304347,l e kʰ e n,2,V,3,PRS,POL,,,,,,
লেখা,লিখতেন,V;3;PST;HAB;POL,4.3e-05,0.0002452391304347,l i kʰ t̪ e n,2,V,3,PST,HAB,POL,,,,,
লেখা,লিখেছিলি,V;2;PST;PRF;LGSPEC1,0.0,0.0002452391304347,l i kʰ e t͡ʃʰ i l i,4,V,2,PST,PRF,LGSPEC1,,,,,
লেখা,লিখলে,V;V.PTCP;COND,0.000126,0.0002452391304347,l i kʰ l e,1,V,V.PTCP,COND,,,,,,,
লেখা,লিখছো,V;3;PRS;PROG;INFM,1e-06,0.0002452391304347,l i kʰ s o,0,V,3,PRS,PROG,INFM,,,,,
লেখা,লিখতাম,V;1;PST;HAB,1.1e-05,0.0002452391304347,l i kʰ t̪ a m,3,V,1,PST,HAB,,,,,,
লেখা,লিখেছে,V;2;PRS;PRF;POL,4.5e-05,0.0002452391304347,l i kʰ e t͡ʃʰ e,1,V,2,PRS,PRF,POL,,,,,
লেখা,লিখছিলে,V;3;PST;PROG;INFM,0.0,0.0002452391304347,l i kʰ s i l e,1,V,3,PST,PROG,INFM,,,,,
লেখা,লিখেছিলাম,V;1;PST;PRF,3.3e-05,0.0002452391304347,l i kʰ e t͡ʃʰ i l a m,4,V,1,PST,PRF,,,,,,
লেখা,লিখিস,V;2;PRS;LGSPEC1,2e-06,0.0002452391304347,l i kʰ i ʃ,1,V,2,PRS,LGSPEC1,,,,,,
হাগা,হাগলো,V;2;PST;POL,0.0,2.173913043478261e-07,h a ɡ l o,3,V,2,PST,POL,,,,,,
হাগা,হেগেছি,V;1;PRS;PRF,0.0,2.173913043478261e-07,h e ɡ e t͡ʃʰ i,1,V,1,PRS,PRF,,,,,,
হাগা,হাগছিলো,V;2;PST;PROG;POL,0.0,2.173913043478261e-07,h a ɡ t͡ʃʰ i l o,1,V,2,PST,PROG,POL,,,,,
হাগা,হাগছিস,V;2;PRS;PROG;LGSPEC1,0.0,2.173913043478261e-07,h a ɡ s i ʃ,3,V,2,PRS,PROG,LGSPEC1,,,,,
হাগা,হাগলে,V;3;PST;INFM,1e-06,2.173913043478261e-07,h a ɡ l e,4,V,3,PST,INFM,,,,,,
হাগা,হাগতে,V;V.PTCP;PROG,0.0,2.173913043478261e-07,h a ɡ t̪ e,3,V,V.PTCP,PROG,,,,,,,
হাগা,হাগলেন,V;3;PST;POL,0.0,2.173913043478261e-07,h a ɡ l e n,1,V,3,PST,POL,,,,,,
হাগা,হেগেছেন,V;3;PRS;PRF;POL,0.0,2.173913043478261e-07,h e ɡ e t͡ʃʰ e n,2,V,3,PRS,PRF,POL,,,,,
হাগা,হাগবে,V;3;FUT;INFM,0.0,2.173913043478261e-07,h a ɡ b e,3,V,3,FUT,INFM,,,,,,
হাগা,হাগলি,V;2;PST;LGSPEC1,0.0,2.173913043478261e-07,h a ɡ l i,1,V,2,PST,LGSPEC1,,,,,,
হাগা,হেগে,V;V.PTCP;HAB,4e-06,2.173913043478261e-07,h e ɡ e,2,V,V.PTCP,HAB,,,,,,,
হাগা,হেগেছিলেন,V;3;PST;PRF;POL,0.0,2.173913043478261e-07,h e ɡ e t͡ʃʰ i l e n,0,V,3,PST,PRF,POL,,,,,
হাগা,হাগো,V;3;PRS;INFM,0.0,2.173913043478261e-07,h a ɡ o,1,V,3,PRS,INFM,,,,,,
হাগা,হেগেছিস,V;2;PRS;PRF;LGSPEC1,0.0,2.173913043478261e-07,h e ɡ e t͡ʃʰ i ʃ,2,V,2,PRS,PRF,LGSPEC1,,,,,
হাগা,হাগছিলেন,V;3;PST;PROG;POL,0.0,2.173913043478261e-07,h a ɡ t͡ʃʰ i l e n,0,V,3,PST,PROG,POL,,,,,
হাগা,হাগছেন,V;3;PRS;PROG;POL,0.0,2.173913043478261e-07,h a ɡ t͡ʃʰ e n,4,V,3,PRS,PROG,POL,,,,,
হাগা,হাগতে,V;3;PST;HAB;INFM,0.0,2.173913043478261e-07,h a ɡ t̪ e,3,V,3,PST,HAB,INFM,,,,,
হাগা,হাগবি,V;2;FUT;LGSPEC1,0.0,2.173913043478261e-07,h a ɡ b i,2,V,2,FUT,LGSPEC1,,,,,,
হাগা,হাগছিলাম,V;1;PST;PROG,0.0,2.173913043478261e-07,h a ɡ t͡ʃʰ i l a m,4,V,1,PST,PROG,,,,,,
হাগা,হাগছি,V;1;PRS;PROG,0.0,2.173913043478261e-07,h a ɡ o t͡ʃʰ i,3,V,1,PRS,PROG,,,,,,
হাগা,হেগেছিলো,V;2;PST;PRF;POL,0.0,2.173913043478261e-07,h e ɡ e t͡ʃʰ i l o,4,V,2,PST,PRF,POL,,,,,
হাগা,হেগে,V;V.PTCP;PRF,4e-06,2.173913043478261e-07,h e ɡ e,2,V,V.PTCP,PRF,,,,,,,
হাগা,হাগতে,V;V.NFIN,0.0,2.173913043478261e-07,h a ɡ t̪ e,4,V,V.NFIN,,,,,,,,
হাগা,হেগেছো,V;3;PRS;PRF;INFM,0.0,2.173913043478261e-07,h e ɡ e t͡ʃʰ o,2,V,3,PRS,PRF,INFM,,,,,
হাগা,হাগবেন,V;3;FUT;POL,0.0,2.173913043478261e-07,h a ɡ b e n,1,V,3,FUT,POL,,,,,,
হাগা,হাগছে,V;2;PRS;PROG;POL,0.0,2.173913043478261e-07,h a ɡ o t͡ʃʰ e,4,V,2,PRS,PROG,POL,,,,,
হাগা,হাগে,V;2;PRS;POL,0.0,2.173913043478261e-07,h a ɡ e,3,V,2,PRS,POL,,,,,,
হাগা,হাগতো,V;2;PST;HAB;POL,0.0,2.173913043478261e-07,h a ɡ o t̪ o,4,V,2,PST,HAB,POL,,,,,
হাগা,হেগেছিলে,V;3;PST;PRF;INFM,0.0,2.173913043478261e-07,h e ɡ e t͡ʃʰ i l e,2,V,3,PST,PRF,INFM,,,,,
হাগা,হাগবো,V;1;FUT,0.0,2.173913043478261e-07,h a ɡ b o,2,V,1,FUT,,,,,,,
হাগা,হাগতিস,V;2;PST;HAB;LGSPEC1,0.0,2.173913043478261e-07,h a ɡ t̪ i ʃ,1,V,2,PST,HAB,LGSPEC1,,,,,
হাগা,হাগি,V;1;PRS,0.0,2.173913043478261e-07,h a ɡ i,2,V,1,PRS,,,,,,,
হাগা,হাগছিলি,V;2;PST;PROG;LGSPEC1,0.0,2.173913043478261e-07,h a ɡ t͡ʃʰ i l i,3,V,2,PST,PROG,LGSPEC1,,,,,
হাগা,হাগবে,V;2;FUT;POL,0.0,2.173913043478261e-07,h a ɡ b e,2,V,2,FUT,POL,,,,,,
হাগা,হাগা,V;V.MSDR,0.0,2.173913043478261e-07,h a ɡ a,4,V,V.MSDR,,,,,,,,
হাগা,হাগলাম,V;1;PST,0.0,2.173913043478261e-07,h a ɡ l a m,0,V,1,PST,,,,,,,
হাগা,হাগেন,V;3;PRS;POL,0.0,2.173913043478261e-07,h a ɡ e n,2,V,3,PRS,POL,,,,,,
হাগা,হাগতেন,V;3;PST;HAB;POL,0.0,2.173913043478261e-07,h a ɡ t̪ e n,2,V,3,PST,HAB,POL,,,,,
হাগা,হেগেছিলি,V;2;PST;PRF;LGSPEC1,0.0,2.173913043478261e-07,h e ɡ e t͡ʃʰ i l i,1,V,2,PST,PRF,LGSPEC1,,,,,
হাগা,হাগলে,V;V.PTCP;COND,1e-06,2.173913043478261e-07,h a ɡ l e,4,V,V.PTCP,COND,,,,,,,
হাগা,হাগছো,V;3;PRS;PROG;INFM,0.0,2.173913043478261e-07,h a ɡ o t͡ʃʰ o,2,V,3,PRS,PROG,INFM,,,,,
হাগা,হাগতাম,V;1;PST;HAB,0.0,2.173913043478261e-07,h a ɡ t̪ a m,3,V,1,PST,HAB,,,,,,
হাগা,হেগেছে,V;2;PRS;PRF;POL,0.0,2.173913043478261e-07,h e ɡ e t͡ʃʰ e,3,V,2,PRS,PRF,POL,,,,,
হাগা,হাগছিলে,V;3;PST;PROG;INFM,0.0,2.173913043478261e-07,h a ɡ t͡ʃʰ i l e,0,V,3,PST,PROG,INFM,,,,,
হাগা,হেগেছিলাম,V;1;PST;PRF,0.0,2.173913043478261e-07,h e ɡ e t͡ʃʰ i l a m,1,V,1,PST,PRF,,,,,,
হাগা,হাগিস,V;2;PRS;LGSPEC1,0.0,2.173913043478261e-07,h a ɡ i ʃ,4,V,2,PRS,LGSPEC1,,,,,,
নাচা,নাচলো,V;2;PST;POL,0.0,3.673913043478259e-06,n a t͡ʃ l o,2,V,2,PST,POL,,,,,,
নাচা,নেচেছি,V;1;PRS;PRF,0.0,3.673913043478259e-06,n e t͡ʃ e t͡ʃʰ i,2,V,1,PRS,PRF,,,,,,
নাচা,নাচছিলো,V;2;PST;PROG;POL,0.0,3.673913043478259e-06,n a t͡ʃ t͡ʃʰ i l o,4,V,2,PST,PROG,POL,,,,,
নাচা,নাচছিস,V;2;PRS;PROG;LGSPEC1,0.0,3.673913043478259e-06,n a t͡ʃ s i ʃ,1,V,2,PRS,PROG,LGSPEC1,,,,,
নাচা,নাচলে,V;3;PST;INFM,3e-06,3.673913043478259e-06,n a t͡ʃ l e,2,V,3,PST,INFM,,,,,,
নাচা,নাচতে,V;V.PTCP;PROG,1.9e-05,3.673913043478259e-06,n a t͡ʃ ɔ t̪ e,3,V,V.PTCP,PROG,,,,,,,
নাচা,নাচলেন,V;3;PST;POL,3e-06,3.673913043478259e-06,n a t͡ʃ l e n,4,V,3,PST,POL,,,,,,
নাচা,নেচেছেন,V;3;PRS;PRF;POL,0.0,3.673913043478259e-06,n e t͡ʃ e t͡ʃʰ e n,4,V,3,PRS,PRF,POL,,,,,
নাচা,নাচবে,V;3;FUT;INFM,4e-06,3.673913043478259e-06,n a t͡ʃ b e,0,V,3,FUT,INFM,,,,,,
নাচা,নাচলি,V;2;PST;LGSPEC1,0.0,3.673913043478259e-06,n a t͡ʃ ɔ l i,4,V,2,PST,LGSPEC1,,,,,,
নাচা,নেচে,V;V.PTCP;HAB,3.1e-05,3.673913043478259e-06,n e t͡ʃ e,1,V,V.PTCP,HAB,,,,,,,
নাচা,নেচেছিলেন,V;3;PST;PRF;POL,1e-06,3.673913043478259e-06,n e t͡ʃ e t͡ʃʰ i l e n,3,V,3,PST,PRF,POL,,,,,
নাচা,নাচো,V;3;PRS;INFM,2e-06,3.673913043478259e-06,n a t͡ʃ o,0,V,3,PRS,INFM,,,,,,
নাচা,নেচেছিস,V;2;PRS;PRF;LGSPEC1,0.0,3.673913043478259e-06,n e t͡ʃ e t͡ʃʰ i ʃ,0,V,2,PRS,PRF,LGSPEC1,,,,,
নাচা,নাচছিলেন,V;3;PST;PROG;POL,0.0,3.673913043478259e-06,n a t͡ʃ t͡ʃʰ i l e n,2,V,3,PST,PROG,POL,,,,,
নাচা,নাচছেন,V;3;PRS;PROG;POL,0.0,3.673913043478259e-06,n a t͡ʃ t͡ʃʰ e n,4,V,3,PRS,PROG,POL,,,,,
নাচা,নাচতে,V;3;PST;HAB;INFM,1.9e-05,3.673913043478259e-06,n a t͡ʃ ɔ t̪ e,3,V,3,PST,HAB,INFM,,,,,
নাচা,নাচবি,V;2;FUT;LGSPEC1,0.0,3.673913043478259e-06,n a t͡ʃ o b i,4,V,2,FUT,LGSPEC1,,,,,,
নাচা,নাচছিলাম,V;1;PST;PROG,0.0,3.673913043478259e-06,n a t͡ʃ t͡ʃʰ i l a m,2,V,1,PST,PROG,,,,,,
নাচা,নাচছি,V;1;PRS;PROG,0.0,3.673913043478259e-06,n a t͡ʃ o s i,1,V,1,PRS,PROG,,,,,,
নাচা,নেচেছিলো,V;2;PST;PRF;POL,0.0,3.673913043478259e-06,n e t͡ʃ e t͡ʃʰ i l o,4,V,2,PST,PRF,POL,,,,,
নাচা,নেচে,V;V.PTCP;PRF,3.1e-05,3.673913043478259e-06,n e t͡ʃ e,1,V,V.PTCP,PRF,,,,,,,
নাচা,নাচতে,V;V.NFIN,1.9e-05,3.673913043478259e-06,n a t͡ʃ ɔ t̪ e,1,V,V.NFIN,,,,,,,,
নাচা,নেচেছো,V;3;PRS;PRF;INFM,0.0,3.673913043478259e-06,n e t͡ʃ e t͡ʃʰ o,4,V,3,PRS,PRF,INFM,,,,,
নাচা,নাচবেন,V;3;FUT;POL,3e-06,3.673913043478259e-06,n a t͡ʃ b e n,1,V,3,FUT,POL,,,,,,
নাচা,নাচছে,V;2;PRS;PROG;POL,2e-06,3.673913043478259e-06,n a t͡ʃ o t͡ʃʰ e,3,V,2,PRS,PROG,POL,,,,,
নাচা,নাচে,V;2;PRS;POL,1.8e-05,3.673913043478259e-06,n a t͡ʃ e,4,V,2,PRS,POL,,,,,,
নাচা,নাচতো,V;2;PST;HAB;POL,0.0,3.673913043478259e-06,n a t͡ʃ o t̪ o,2,V,2,PST,HAB,POL,,,,,
নাচা,নেচেছিলে,V;3;PST;PRF;INFM,0.0,3.673913043478259e-06,n e t͡ʃ e t͡ʃʰ i l e,1,V,3,PST,PRF,INFM,,,,,
নাচা,নাচবো,V;1;FUT,0.0,3.673913043478259e-06,n a t͡ʃ b o,3,V,1,FUT,,,,,,,
নাচা,নাচতিস,V;2;PST;HAB;LGSPEC1,0.0,3.673913043478259e-06,n a t͡ʃ o t̪ i ʃ,3,V,2,PST,HAB,LGSPEC1,,,,,
নাচা,নাচি,V;1;PRS,1e-06,3.673913043478259e-06,n a t͡ʃ i,4,V,1,PRS,,,,,,,
নাচা,নাচছিলি,V;2;PST;PROG;LGSPEC1,0.0,3.673913043478259e-06,n a t͡ʃ t͡ʃʰ i l i,4,V,2,PST,PROG,LGSPEC1,,,,,
নাচা,নাচবে,V;2;FUT;POL,4e-06,3.673913043478259e-06,n a t͡ʃ b e,0,V,2,FUT,POL,,,,,,
নাচা,নাচা,V;V.MSDR,2e-06,3.673913043478259e-06,n a t͡ʃ a,1,V,V.MSDR,,,,,,,,
নাচা,নাচলাম,V;1;PST,0.0,3.673913043478259e-06,n a t͡ʃ l a m,3,V,1,PST,,,,,,,
নাচা,নাচেন,V;3;PRS;POL,4e-06,3.673913043478259e-06,n a t͡ʃ e n,2,V,3,PRS,POL,,,,,,
নাচা,নাচতেন,V;3;PST;HAB;POL,0.0,3.673913043478259e-06,n a t͡ʃ t̪ e n,4,V,3,PST,HAB,POL,,,,,
নাচা,নেচেছিলি,V;2;PST;PRF;LGSPEC1,0.0,3.673913043478259e-06,n e t͡ʃ e t͡ʃʰ i l i,0,V,2,PST,PRF,LGSPEC1,,,,,
নাচা,নাচলে,V;V.PTCP;COND,3e-06,3.673913043478259e-06,n a t͡ʃ l e,0,V,V.PTCP,COND,,,,,,,
নাচা,নাচছো,V;3;PRS;PROG;INFM,0.0,3.673913043478259e-06,n a t͡ʃ o s o,0,V,3,PRS,PROG,INFM,,,,,
নাচা,নাচতাম,V;1;PST;HAB,0.0,3.673913043478259e-06,n a t͡ʃ t̪ a m,4,V,1,PST,HAB,,,,,,
নাচা,নেচেছে,V;2;PRS;PRF;POL,0.0,3.673913043478259e-06,n e t͡ʃ e t͡ʃʰ e,3,V,2,PRS,PRF,POL,,,,,
নাচা,নাচছিলে,V;3;PST;PROG;INFM,0.0,3.673913043478259e-06,n a t͡ʃ t͡ʃʰ i l e,1,V,3,PST,PROG,INFM,,,,,
নাচা,নেচেছিলাম,V;1;PST;PRF,0.0,3.673913043478259e-06,n e t͡ʃ e t͡ʃʰ i l a m,4,V,1,PST,PRF,,,,,,
নাচা,নাচিস,V;2;PRS;LGSPEC1,0.0,3.673913043478259e-06,n a t͡ʃ i ʃ,4,V,2,PRS,LGSPEC1,,,,,,
পাঠানো,পাঠালো,V;2;PST;POL,6e-06,7.765217391304348e-05,p a tʰ a l o,1,V,2,PST,POL,,,,,,
পাঠানো,পাঠিয়েছি,V;1;PRS;PRF,2e-06,7.765217391304348e-05,p a ʈʰ i̯ e t͡ʃʰ i,3,V,1,PRS,PRF,,,,,,
পাঠানো,পাঠাচ্ছিলো,V;2;PST;PROG;POL,0.0,7.765217391304348e-05,p a tʰ a t͡ʃʰː i l o,2,V,2,PST,PROG,POL,,,,,
পাঠানো,পাঠাচ্ছিস,V;2;PRS;PROG;LGSPEC1,0.0,7.765217391304348e-05,p a tʰ a t͡ʃʰː i ʃ,3,V,2,PRS,PROG,LGSPEC1,,,,,
পাঠানো,পাঠালে,V;3;PST;INFM,6.4e-05,7.765217391304348e-05,p a tʰ a l e,1,V,3,PST,INFM,,,,,,
পাঠানো,পাঠাতে,V;V.PTCP;PROG,0.000429,7.765217391304348e-05,p a tʰ a t̪ e,0,V,V.PTCP,PROG,,,,,,,
পাঠানো,পাঠালেন,V;3;PST;POL,2.6e-05,7.765217391304348e-05,p a tʰ a l e n,0,V,3,PST,POL,,,,,,
পাঠানো,পাঠিয়েছেন,V;3;PRS;PRF;POL,5e-06,7.765217391304348e-05,p a ʈʰ i̯ e t͡ʃʰ e n,3,V,3,PRS,PRF,POL,,,,,
পাঠানো,পাঠাবে,V;3;FUT;INFM,4.9e-05,7.765217391304348e-05,p a tʰ a b e,0,V,3,FUT,INFM,,,,,,
পাঠানো,পাঠালি,V;2;PST;LGSPEC1,0.0,7.765217391304348e-05,p a tʰ a l i,0,V,2,PST,LGSPEC1,,,,,,
পাঠানো,পাঠায়,V;V.PTCP;HAB,1.2e-05,7.765217391304348e-05,p a ʈʰ a e̯,2,V,V.PTCP,HAB,,,,,,,
পাঠানো,পাঠিয়েছিলেন,V;3;PST;PRF;POL,3e-06,7.765217391304348e-05,p a tʰ i̯ e t͡ʃʰ i l e n,4,V,3,PST,PRF,POL,,,,,
পাঠানো,পাঠাও,V;3;PRS;INFM,2e-06,7.765217391304348e-05,p a tʰ a o̯,1,V,3,PRS,INFM,,,,,,
পাঠানো,পাঠিয়েছিস,V;2;PRS;PRF;LGSPEC1,0.0,7.765217391304348e-05,p a tʰ i̯ e t͡ʃʰ i ʃ,3,V,2,PRS,PRF,LGSPEC1,,,,,
পাঠানো,পাঠাচ্ছিলেন,V;3;PST;PROG;POL,0.0,7.765217391304348e-05,p a tʰ a t͡ʃʰː i l e n,4,V,3,PST,PROG,POL,,,,,
পাঠানো,পাঠাচ্ছেন,V;3;PRS;PROG;POL,6e-06,7.765217391304348e-05,p a tʰ a t͡ʃʰː e n,3,V,3,PRS,PROG,POL,,,,,
পাঠানো,পাঠাতে,V;3;PST;HAB;INFM,0.000429,7.765217391304348e-05,p a tʰ a t̪ e,1,V,3,PST,HAB,INFM,,,,,
পাঠানো,পাঠাবি,V;2;FUT;LGSPEC1,0.0,7.765217391304348e-05,p a tʰ a b i,0,V,2,FUT,LGSPEC1,,,,,,
পাঠানো,পাঠাচ্ছিলাম,V;1;PST;PROG,0.0,7.765217391304348e-05,p a tʰ a t͡ʃʰː i l a m,2,V,1,PST,PROG,,,,,,
পাঠানো,পাঠাচ্ছি,V;1;PRS;PROG,1e-06,7.765217391304348e-05,p a tʰ a t͡ʃʰː i,2,V,1,PRS,PROG,,,,,,
পাঠানো,পাঠিয়েছিলো,V;2;PST;PRF;POL,0.0,7.765217391304348e-05,p a tʰ i̯ e t͡ʃʰ i l o,4,V,2,PST,PRF,POL,,,,,
পাঠানো,পাঠায়,V;V.PTCP;PRF,1.2e-05,7.765217391304348e-05,p a ʈʰ a e̯,1,V,V.PTCP,PRF,,,,,,,
পাঠানো,পাঠাতে,V;V.NFIN,0.000429,7.765217391304348e-05,p a tʰ a t̪ e,0,V,V.NFIN,,,,,,,,
পাঠানো,পাঠিয়েছো,V;3;PRS;PRF;INFM,0.0,7.765217391304348e-05,p a ʈʰ i̯ e s o,2,V,3,PRS,PRF,INFM,,,,,
পাঠানো,পাঠাবেন,V;3;FUT;POL,4.7e-05,7.765217391304348e-05,p a tʰ a b e n,1,V,3,FUT,POL,,,,,,
পাঠানো,পাঠাচ্ছে,V;2;PRS;PROG;POL,2.1e-05,7.765217391304348e-05,p a tʰ a t͡ʃʰː e,0,V,2,PRS,PROG,POL,,,,,
পাঠানো,পাঠায়,V;2;PRS;POL,1.2e-05,7.765217391304348e-05,p a ʈʰ a e̯,0,V,2,PRS,POL,,,,,,
পাঠানো,পাঠাতো,V;2;PST;HAB;POL,0.0,7.765217391304348e-05,p a tʰ a t̪ o,3,V,2,PST,HAB,POL,,,,,
পাঠানো,পাঠিয়েছিলে,V;3;PST;PRF;INFM,0.0,7.765217391304348e-05,p a tʰ i̯ e t͡ʃʰ i l e,4,V,3,PST,PRF,INFM,,,,,
পাঠানো,পাঠাবো,V;1;FUT,6e-06,7.765217391304348e-05,p a tʰ a b o,4,V,1,FUT,,,,,,,
পাঠানো,পাঠাতিস,V;2;PST;HAB;LGSPEC1,0.0,7.765217391304348e-05,p a tʰ a t̪ i ʃ,2,V,2,PST,HAB,LGSPEC1,,,,,
পাঠানো,পাঠাই,V;1;PRS,1.3e-05,7.765217391304348e-05,p a tʰ a i̯,1,V,1,PRS,,,,,,,
পাঠানো,পাঠাচ্ছিলি,V;2;PST;PROG;LGSPEC1,0.0,7.765217391304348e-05,p a tʰ a t͡ʃʰː i l i,1,V,2,PST,PROG,LGSPEC1,,,,,
পাঠানো,পাঠাবে,V;2;FUT;POL,4.9e-05,7.765217391304348e-05,p a tʰ a b e,3,V,2,FUT,POL,,,,,,
পাঠানো,পাঠানো,V;V.MSDR,0.001549,7.765217391304348e-05,p a tʰ a n o,4,V,V.MSDR,,,,,,,,
পাঠানো,পাঠালাম,V;1;PST,9e-06,7.765217391304348e-05,p a tʰ a l a m,1,V,1,PST,,,,,,,
পাঠানো,পাঠান,V;3;PRS;POL,0.00031,7.765217391304348e-05,p a tʰ a n,0,V,3,PRS,POL,,,,,,
পাঠানো,পাঠাতেন,V;3;PST;HAB;POL,9e-06,7.765217391304348e-05,p a tʰ a t̪ e n,3,V,3,PST,HAB,POL,,,,,
পাঠানো,পাঠিয়েছিলি,V;2;PST;PRF;LGSPEC1,0.0,7.765217391304348e-05,p a tʰ i̯ e t͡ʃʰ i l i,1,V,2,PST,PRF,LGSPEC1,,,,,
পাঠানো,পাঠালে,V;V.PTCP;COND,6.4e-05,7.765217391304348e-05,p a tʰ a l e,1,V,V.PTCP,COND,,,,,,,
পাঠানো,পাঠাচ্ছো,V;3;PRS;PROG;INFM,0.0,7.765217391304348e-05,p a tʰ a t͡ʃʰː o,1,V,3,PRS,PROG,INFM,,,,,
পাঠানো,পাঠাতাম,V;1;PST;HAB,0.0,7.765217391304348e-05,p a tʰ a t̪ a m,2,V,1,PST,HAB,,,,,,
পাঠানো,পাঠিয়েছে,V;2;PRS;PRF;POL,8e-06,7.765217391304348e-05,p a ʈʰ i̯ e t͡ʃʰ e,2,V,2,PRS,PRF,POL,,,,,
পাঠানো,পাঠাচ্ছিলে,V;3;PST;PROG;INFM,0.0,7.765217391304348e-05,p a tʰ a t͡ʃʰː i l e,2,V,3,PST,PROG,INFM,,,,,
পাঠানো,পাঠিয়েছিলাম,V;1;PST;PRF,0.0,7.765217391304348e-05,p a tʰ i̯ e t͡ʃʰ i l a m,1,V,1,PST,PRF,,,,,,
পাঠানো,পাঠাস,V;2;PRS;LGSPEC1,0.0,7.765217391304348e-05,p a tʰ a ʃ,3,V,2,PRS,LGSPEC1,,,,,,
খাওয়া,খেলো,V;2;PST;POL,1e-05,0.0002557391304347,kʰ e l o,3,V,2,PST,POL,,,,,,
খাওয়া,খেয়েছি,V;1;PRS;PRF,2e-06,0.0002557391304347,kʰ e e s i,1,V,1,PRS,PRF,,,,,,
খাওয়া,খাচ্ছিলো,V;2;PST;PROG;POL,0.0,0.0002557391304347,kʰ a t͡ʃʰː i l o,3,V,2,PST,PROG,POL,,,,,
খাওয়া,খাচ্ছিস,V;2;PRS;PROG;LGSPEC1,0.0,0.0002557391304347,kʰ a t͡ʃʰː i ʃ,0,V,2,PRS,PROG,LGSPEC1,,,,,
খাওয়া,খেলে,V;3;PST;INFM,0.001131,0.0002557391304347,kʰ e l e,0,V,3,PST,INFM,,,,,,
খাওয়া,খেতে,V;V.PTCP;PROG,0.001569,0.0002557391304347,kʰ e t̪ e,4,V,V.PTCP,PROG,,,,,,,
খাওয়া,খেলেন,V;3;PST;POL,8.7e-05,0.0002557391304347,kʰ e l e n,2,V,3,PST,POL,,,,,,
খাওয়া,খেয়েছেন,V;3;PRS;PRF;POL,4e-06,0.0002557391304347,kʰ e e s e n,1,V,3,PRS,PRF,POL,,,,,
খাওয়া,খাবে,V;3;FUT;INFM,6.7e-05,0.0002557391304347,kʰ a b e,4,V,3,FUT,INFM,,,,,,
খাওয়া,খেলি,V;2;PST;LGSPEC1,2.9e-05,0.0002557391304347,kʰ e l i,4,V,2,PST,LGSPEC1,,,,,,
খাওয়া,খেয়ে,V;V.PTCP;HAB,0.000124,0.0002557391304347,kʰ e e,2,V,V.PTCP,HAB,,,,,,,
খাওয়া,খেয়েছিলেন,V;3;PST;PRF;POL,0.0,0.0002557391304347,kʰ e e t͡ʃʰ i l e n,4,V,3,PST,PRF,POL,,,,,
খাওয়া,খাও,V;3;PRS;INFM,3.8e-05,0.0002557391304347,kʰ a o̯,4,V,3,PRS,INFM,,,,,,
খাওয়া,খেয়েছিস,V;2;PRS;PRF;LGSPEC1,0.0,0.0002557391304347,kʰ e e s i ʃ,1,V,2,PRS,PRF,LGSPEC1,,,,,
খাওয়া,খাচ্ছিলেন,V;3;PST;PROG;POL,7e-06,0.0002557391304347,kʰ a t͡ʃʰː i l e n,1,V,3,PST,PROG,POL,,,,,
খাওয়া,খাচ্ছেন,V;3;PRS;PROG;POL,6.8e-05,0.0002557391304347,kʰ a t͡ʃʰː e n,0,V,3,PRS,PROG,POL,,,,,
খাওয়া,খেতে,V;3;PST;HAB;INFM,0.001569,0.0002557391304347,kʰ e t̪ e,0,V,3,PST,HAB,INFM,,,,,
খাওয়া,খাবি,V;2;FUT;LGSPEC1,4e-06,0.0002557391304347,kʰ a b i,1,V,2,FUT,LGSPEC1,,,,,,
খাওয়া,খাচ্ছিলাম,V;1;PST;PROG,3e-06,0.0002557391304347,kʰ a t͡ʃʰː i l a m,0,V,1,PST,PROG,,,,,,
খাওয়া,খাচ্ছি,V;1;PRS;PROG,1.7e-05,0.0002557391304347,kʰ a t͡ʃʰː i,2,V,1,PRS,PROG,,,,,,
খাওয়া,খেয়েছিলো,V;2;PST;PRF;POL,0.0,0.0002557391304347,kʰ e e s i l o,0,V,2,PST,PRF,POL,,,,,
খাওয়া,খেয়ে,V;V.PTCP;PRF,0.000124,0.0002557391304347,kʰ e e,4,V,V.PTCP,PRF,,,,,,,
খাওয়া,খেতে,V;V.NFIN,0.001569,0.0002557391304347,kʰ e t̪ e,1,V,V.NFIN,,,,,,,,
খাওয়া,খেয়েছো,V;3;PRS;PRF;INFM,0.0,0.0002557391304347,kʰ e e s o,1,V,3,PRS,PRF,INFM,,,,,
খাওয়া,খাবেন,V;3;FUT;POL,0.000202,0.0002557391304347,kʰ a b e n,0,V,3,FUT,POL,,,,,,
খাওয়া,খাচ্ছে,V;2;PRS;PROG;POL,7e-05,0.0002557391304347,kʰ a t͡ʃʰː e,4,V,2,PRS,PROG,POL,,,,,
খাওয়া,খায়,V;2;PRS;POL,2.6e-05,0.0002557391304347,kʰ a e̯,2,V,2,PRS,POL,,,,,,
খাওয়া,খেতো,V;2;PST;HAB;POL,1e-06,0.0002557391304347,kʰ e t̪ o,3,V,2,PST,HAB,POL,,,,,
খাওয়া,খেয়েছিলে,V;3;PST;PRF;INFM,0.0,0.0002557391304347,kʰ e e s i l e,3,V,3,PST,PRF,INFM,,,,,
খাওয়া,খাবো,V;1;FUT,1.2e-05,0.0002557391304347,kʰ a b o,2,V,1,FUT,,,,,,,
খাওয়া,খেতিস,V;2;PST;HAB;LGSPEC1,0.0,0.0002557391304347,kʰ e t̪ i ʃ,4,V,2,PST,HAB,LGSPEC1,,,,,
খাওয়া,খাই,V;1;PRS,8.7e-05,0.0002557391304347,kʰ a i̯,0,V,1,PRS,,,,,,,
খাওয়া,খাচ্ছিলি,V;2;PST;PROG;LGSPEC1,0.0,0.0002557391304347,kʰ a t͡ʃʰː i l i,4,V,2,PST,PROG,LGSPEC1,,,,,
খাওয়া,খাবে,V;2;FUT;POL,6.7e-05,0.0002557391304347,kʰ a b e,0,V,2,FUT,POL,,,,,,
খাওয়া,খাওয়া,V;V.MSDR,0.000125,0.0002557391304347,kʰ a o̯ a,4,V,V.MSDR,,,,,,,,
খাওয়া,খেলাম,V;1;PST,1.4e-05,0.0002557391304347,kʰ e l a m,0,V,1,PST,,,,,,,
খাওয়া,খান,V;3;PRS;POL,0.003123,0.0002557391304347,kʰ a n,4,V,3,PRS,POL,,,,,,
খাওয়া,খেতেন,V;3;PST;HAB;POL,1.5e-05,0.0002557391304347,kʰ e t̪ e n,3,V,3,PST,HAB,POL,,,,,
খাওয়া,খেয়েছিলি,V;2;PST;PRF;LGSPEC1,0.0,0.0002557391304347,kʰ e e s i l i,0,V,2,PST,PRF,LGSPEC1,,,,,
খাওয়া,খেলে,V;V.PTCP;COND,0.001131,0.0002557391304347,kʰ e l e,3,V,V.PTCP,COND,,,,,,,
খাওয়া,খাচ্ছো,V;3;PRS;PROG;INFM,1e-06,0.0002557391304347,kʰ a t͡ʃʰː o,3,V,3,PRS,PROG,INFM,,,,,
খাওয়া,খেতাম,V;1;PST;HAB,7e-06,0.0002557391304347,kʰ e t̪ a m,0,V,1,PST,HAB,,,,,,
খাওয়া,খেয়েছে,V;2;PRS;PRF;POL,1e-06,0.0002557391304347,kʰ e e s e,0,V,2,PRS,PRF,POL,,,,,
খাওয়া,খাচ্ছিলে,V;3;PST;PROG;INFM,0.0,0.0002557391304347,kʰ a t͡ʃʰː i l e,1,V,3,PST,PROG,INFM,,,,,
খাওয়া,খেয়েছিলাম,V;1;PST;PRF,1e-06,0.0002557391304347,kʰ e e s i l a m,2,V,1,PST,PRF,,,,,,
খাওয়া,খাস,V;2;PRS;LGSPEC1,0.000459,0.0002557391304347,kʰ a ʃ,0,V,2,PRS,LGSPEC1,,,,,,
টানা,টানলো,V;2;PST;POL,1e-06,4.923913043478261e-05,t a n l o,1,V,2,PST,POL,,,,,,
টানা,টেনেছি,V;1;PRS;PRF,0.0,4.923913043478261e-05,t e n e t͡ʃʰ i,4,V,1,PRS,PRF,,,,,,
টানা,টানছিলো,V;2;PST;PROG;POL,0.0,4.923913043478261e-05,t a n t͡ʃʰ i l o,3,V,2,PST,PROG,POL,,,,,
টানা,টানছিস,V;2;PRS;PROG;LGSPEC1,0.0,4.923913043478261e-05,t a n t͡ʃʰ i ʃ,1,V,2,PRS,PROG,LGSPEC1,,,,,
টানা,টানলে,V;3;PST;INFM,1e-05,4.923913043478261e-05,t a n l e,2,V,3,PST,INFM,,,,,,
টানা,টানতে,V;V.PTCP;PROG,9.7e-05,4.923913043478261e-05,t a n t̪ e,0,V,V.PTCP,PROG,,,,,,,
টানা,টানলেন,V;3;PST;POL,4e-06,4.923913043478261e-05,t a n l e n,4,V,3,PST,POL,,,,,,
টানা,টেনেছেন,V;3;PRS;PRF;POL,9e-06,4.923913043478261e-05,t e n e t͡ʃʰ e n,4,V,3,PRS,PRF,POL,,,,,
টানা,টানবে,V;3;FUT;INFM,4e-06,4.923913043478261e-05,t a n b e,2,V,3,FUT,INFM,,,,,,
টানা,টানলি,V;2;PST;LGSPEC1,0.0,4.923913043478261e-05,t a n l i,4,V,2,PST,LGSPEC1,,,,,,
টানা,টেনে,V;V.PTCP;HAB,0.000543,4.923913043478261e-05,t e n e,4,V,V.PTCP,HAB,,,,,,,
টানা,টেনেছিলেন,V;3;PST;PRF;POL,0.0,4.923913043478261e-05,t e n e t͡ʃʰ i l e n,0,V,3,PST,PRF,POL,,,,,
টানা,টানো,V;3;PRS;INFM,1e-06,4.923913043478261e-05,t a n o,2,V,3,PRS,INFM,,,,,,
টানা,টেনেছিস,V;2;PRS;PRF;LGSPEC1,0.0,4.923913043478261e-05,t e n e t͡ʃʰ i ʃ,0,V,2,PRS,PRF,LGSPEC1,,,,,
টানা,টানছিলেন,V;3;PST;PROG;POL,0.0,4.923913043478261e-05,t a n t͡ʃʰ i l e n,2,V,3,PST,PROG,POL,,,,,
টানা,টানছেন,V;3;PRS;PROG;POL,3e-06,4.923913043478261e-05,t a n t͡ʃʰ e n,0,V,3,PRS,PROG,POL,,,,,
টানা,টানতে,V;3;PST;HAB;INFM,9.7e-05,4.923913043478261e-05,t a n t̪ e,0,V,3,PST,HAB,INFM,,,,,
টানা,টানবি,V;2;FUT;LGSPEC1,0.0,4.923913043478261e-05,t a n b i,0,V,2,FUT,LGSPEC1,,,,,,
টানা,টানছিলাম,V;1;PST;PROG,0.0,4.923913043478261e-05,t a n t͡ʃʰ i l a m,1,V,1,PST,PROG,,,,,,
টানা,টানছি,V;1;PRS;PROG,4e-06,4.923913043478261e-05,t a n t͡ʃʰ i,2,V,1,PRS,PROG,,,,,,
টানা,টেনেছিলো,V;2;PST;PRF;POL,0.0,4.923913043478261e-05,t e n e t͡ʃʰ i l o,2,V,2,PST,PRF,POL,,,,,
টানা,টেনে,V;V.PTCP;PRF,0.000543,4.923913043478261e-05,t e n e,2,V,V.PTCP,PRF,,,,,,,
টানা,টানতে,V;V.NFIN,9.7e-05,4.923913043478261e-05,t a n t̪ e,1,V,V.NFIN,,,,,,,,
টানা,টেনেছো,V;3;PRS;PRF;INFM,0.0,4.923913043478261e-05,t e n e t͡ʃʰ o,0,V,3,PRS,PRF,INFM,,,,,
টানা,টানবেন,V;3;FUT;POL,0.0,4.923913043478261e-05,t a n b e n,4,V,3,FUT,POL,,,,,,
টানা,টানছে,V;2;PRS;PROG;POL,8e-06,4.923913043478261e-05,t a n t͡ʃʰ e,0,V,2,PRS,PROG,POL,,,,,
টানা,টানে,V;2;PRS;POL,0.000133,4.923913043478261e-05,t a n e,3,V,2,PRS,POL,,,,,,
টানা,টানতো,V;2;PST;HAB;POL,1e-06,4.923913043478261e-05,t a n o t̪ o,1,V,2,PST,HAB,POL,,,,,
টানা,টেনেছিলে,V;3;PST;PRF;INFM,0.0,4.923913043478261e-05,t e n e t͡ʃʰ i l e,3,V,3,PST,PRF,INFM,,,,,
টানা,টানবো,V;1;FUT,0.0,4.923913043478261e-05,t a n b o,1,V,1,FUT,,,,,,,
টানা,টানতিস,V;2;PST;HAB;LGSPEC1,0.0,4.923913043478261e-05,t a n t̪ i ʃ,2,V,2,PST,HAB,LGSPEC1,,,,,
টানা,টানি,V;1;PRS,3e-06,4.923913043478261e-05,t a n i,1,V,1,PRS,,,,,,,
টানা,টানছিলি,V;2;PST;PROG;LGSPEC1,0.0,4.923913043478261e-05,t a n t͡ʃʰ i l i,0,V,2,PST,PROG,LGSPEC1,,,,,
টানা,টানবে,V;2;FUT;POL,4e-06,4.923913043478261e-05,t a n b e,0,V,2,FUT,POL,,,,,,
টানা,টানা,V;V.MSDR,0.000679,4.923913043478261e-05,t a n a,2,V,V.MSDR,,,,,,,,
টানা,টানলাম,V;1;PST,0.0,4.923913043478261e-05,t a n l a m,2,V,1,PST,,,,,,,
টানা,টানেন,V;3;PRS;POL,9e-06,4.923913043478261e-05,t a n e n,0,V,3,PRS,POL,,,,,,
টানা,টানতেন,V;3;PST;HAB;POL,0.0,4.923913043478261e-05,t a n t̪ e n,1,V,3,PST,HAB,POL,,,,,
টানা,টেনেছিলি,V;2;PST;PRF;LGSPEC1,0.0,4.923913043478261e-05,t e n e t͡ʃʰ i l i,4,V,2,PST,PRF,LGSPEC1,,,,,
টানা,টানলে,V;V.PTCP;COND,1e-05,4.923913043478261e-05,t a n l e,1,V,V.PTCP,COND,,,,,,,
টানা,টানছো,V;3;PRS;PROG;INFM,1e-06,4.923913043478261e-05,t a n t͡ʃʰ o,4,V,3,PRS,PROG,INFM,,,,,
টানা,টানতাম,V;1;PST;HAB,0.0,4.923913043478261e-05,t a n t̪ a m,4,V,1,PST,HAB,,,,,,
টানা,টেনেছে,V;2;PRS;PRF;POL,4e-06,4.923913043478261e-05,t e n e t͡ʃʰ e,2,V,2,PRS,PRF,POL,,,,,
টানা,টানছিলে,V;3;PST;PROG;INFM,0.0,4.923913043478261e-05,t a n t͡ʃʰ i l e,0,V,3,PST,PROG,INFM,,,,,
টানা,টেনেছিলাম,V;1;PST;PRF,0.0,4.923913043478261e-05,t e n e t͡ʃʰ i l a m,2,V,1,PST,PRF,,,,,,
টানা,টানিস,V;2;PRS;LGSPEC1,0.0,4.923913043478261e-05,t a n i ʃ,4,V,2,PRS,LGSPEC1,,,,,,
আচরণ করা,আচরণ করলো,V;2;PST;POL,0.0,0.0,a t͡ʃ ɔ ɹ o n k ɔ ɹ l o,2,V,2,PST,POL,,,,,,
আচরণ করা,আচরণ করেছি,V;1;PRS;PRF,0.0,0.0,a t͡ʃ ɔ ɹ o n k o ɹ e t͡ʃʰ i,1,V,1,PRS,PRF,,,,,,
আচরণ করা,আচরণ করছিলো,V;2;PST;PROG;POL,0.0,0.0,a t͡ʃ ɔ ɹ o n k ɔ ɹ t͡ʃʰ i l o,0,V,2,PST,PROG,POL,,,,,
আচরণ করা,আচরণ করছিস,V;2;PRS;PROG;LGSPEC1,0.0,0.0,a t͡ʃ ɔ ɹ o n k ɔ ɹ t͡ʃʰ i ʃ,0,V,2,PRS,PROG,LGSPEC1,,,,,
আচরণ করা,আচরণ করলে,V;3;PST;INFM,0.0,0.0,a t͡ʃ ɔ ɹ o n k ɔ ɹ l e,3,V,3,PST,INFM,,,,,,
আচরণ করা,আচরণ করতেকরতে,V;V.PTCP;PROG,0.0,0.0,a t͡ʃ ɔ ɹ o n o k ɔ ɹ t̪ e k ɔ r o t̪ e,1,V,V.PTCP,PROG,,,,,,,
আচরণ করা,আচরণ করলেন,V;3;PST;POL,0.0,0.0,a t͡ʃ ɔ ɹ o n k ɔ ɹ l e n,2,V,3,PST,POL,,,,,,
আচরণ করা,আচরণ করেছেন,V;3;PRS;PRF;POL,0.0,0.0,a t͡ʃ ɔ ɹ o n k ɔ ɹ e t͡ʃʰ e n,3,V,3,PRS,PRF,POL,,,,,
আচরণ করা,আচরণ করবে,V;3;FUT;INFM,0.0,0.0,a t͡ʃ ɔ ɹ o n k ɔ ɹ b e,4,V,3,FUT,INFM,,,,,,
আচরণ করা,আচরণ করলি,V;2;PST;LGSPEC1,0.0,0.0,a t͡ʃ ɔ ɹ o n k ɔ ɹ o l i,0,V,2,PST,LGSPEC1,,,,,,
আচরণ করা,আচরণ করেকরে,V;V.PTCP;HAB,0.0,0.0,a t͡ʃ ɔ ɹ o n k o ɹ e k ɔ ɹ e,4,V,V.PTCP,HAB,,,,,,,
আচরণ করা,আচরণ করেছিলেন,V;3;PST;PRF;POL,0.0,0.0,a t͡ʃ ɔ ɹ o n k o ɹ e t͡ʃʰ i l e n,0,V,3,PST,PRF,POL,,,,,
আচরণ করা,আচরণ করো,V;3;PRS;INFM,0.0,0.0,a t͡ʃ ɔ ɹ o n k ɔ ɹ o,3,V,3,PRS,INFM,,,,,,
আচরণ করা,আচরণ করেছিস,V;2;PRS;PRF;LGSPEC1,0.0,0.0,a t͡ʃ ɔ ɹ o n k o ɹ e t͡ʃʰ i ʃ,2,V,2,PRS,PRF,LGSPEC1,,,,,
আচরণ করা,আচরণ করছিলেন,V;3;PST;PROG;POL,0.0,0.0,a t͡ʃ ɔ ɹ o n o k ɔ ɹ t͡ʃʰ i l e n,3,V,3,PST,PROG,POL,,,,,
আচরণ করা,আচরণ করছেন,V;3;PRS;PROG;POL,0.0,0.0,a t͡ʃ ɔ ɹ o n k ɔ ɹ t͡ʃʰ e n,1,V,3,PRS,PROG,POL,,,,,
আচরণ করা,আচরণ করতে,V;3;PST;HAB;INFM,0.0,0.0,a t͡ʃ ɔ ɹ o n k ɔ ɹ o t̪ e,4,V,3,PST,HAB,INFM,,,,,
আচরণ করা,আচরণ করবি,V;2;FUT;LGSPEC1,0.0,0.0,a t͡ʃ ɔ ɹ o n k ɔ ɹ o b i,2,V,2,FUT,LGSPEC1,,,,,,
আচরণ করা,আচরণ করছিলাম,V;1;PST;PROG,0.0,0.0,a t͡ʃ ɔ ɹ o n o k ɔ ɹ t͡ʃʰ i l a m,2,V,1,PST,PROG,,,,,,
আচরণ করা,আচরণ করছি,V;1;PRS;PROG,0.0,0.0,a t͡ʃ ɔ ɹ o n k ɔ ɹ o t͡ʃʰ i,3,V,1,PRS,PROG,,,,,,
আচরণ করা,আচরণ করেছিলো,V;2;PST;PRF;POL,0.0,0.0,a t͡ʃ ɔ ɹ o n k o ɹ e t͡ʃʰ i l o,1,V,2,PST,PRF,POL,,,,,
আচরণ করা,আচরণ করে,V;V.PTCP;PRF,0.0,0.0,a t͡ʃ ɔ ɹ o n k ɔ ɹ e,4,V,V.PTCP,PRF,,,,,,,
আচরণ করা,আচরণ করতে,V;V.NFIN,0.0,0.0,a t͡ʃ ɔ ɹ o n k ɔ ɹ o t̪ e,3,V,V.NFIN,,,,,,,,
আচরণ করা,আচরণ করেছো,V;3;PRS;PRF;INFM,0.0,0.0,a t͡ʃ ɔ ɹ o n k ɔ ɹ e t͡ʃʰ o,3,V,3,PRS,PRF,INFM,,,,,
আচরণ করা,আচরণ করবেন,V;3;FUT;POL,0.0,0.0,a t͡ʃ ɔ ɹ o n k ɔ ɹ b e n,2,V,3,FUT,POL,,,,,,
আচরণ করা,আচরণ করছে,V;2;PRS;PROG;POL,0.0,0.0,a t͡ʃ ɔ ɹ o n k ɔ ɹ o t͡ʃʰ e,0,V,2,PRS,PROG,POL,,,,,
আচরণ করা,আচরণ করে,V;2;PRS;POL,0.0,0.0,a t͡ʃ ɔ ɹ o n k ɔ ɹ e,1,V,2,PRS,POL,,,,,,
আচরণ করা,আচরণ করতো,V;2;PST;HAB;POL,0.0,0.0,a t͡ʃ ɔ ɹ o n k ɔ ɹ o t̪ o,2,V,2,PST,HAB,POL,,,,,
আচরণ করা,আচরণ করেছিলে,V;3;PST;PRF;INFM,0.0,0.0,a t͡ʃ ɔ ɹ o n k o ɹ e t͡ʃʰ i l e,4,V,3,PST,PRF,INFM,,,,,
আচরণ করা,আচরণ করবো,V;1;FUT,0.0,0.0,a t͡ʃ ɔ ɹ o n k ɔ ɹ o b o,2,V,1,FUT,,,,,,,
আচরণ করা,আচরণ করতিস,V;2;PST;HAB;LGSPEC1,0.0,0.0,a t͡ʃ ɔ ɹ o n k ɔ ɹ o t̪ i ʃ,0,V,2,PST,HAB,LGSPEC1,,,,,
আচরণ করা,আচরণ করি,V;1;PRS,0.0,0.0,a t͡ʃ ɔ ɹ o n k ɔ ɹ i,1,V,1,PRS,,,,,,,
আচরণ করা,আচরণ করছিলি,V;2;PST;PROG;LGSPEC1,0.0,0.0,a t͡ʃ ɔ ɹ o n o k ɔ ɹ t͡ʃʰ i l i,0,V,2,PST,PROG,LGSPEC1,,,,,
আচরণ করা,আচরণ করবে,V;2;FUT;POL,0.0,0.0,a t͡ʃ ɔ ɹ o n k ɔ ɹ b e,2,V,2,FUT,POL,,,,,,
আচরণ করা,আচরণ করা,V;V.MSDR,0.0,0.0,a t͡ʃ ɔ ɹ o n k ɔ ɹ a,4,V,V.MSDR,,,,,,,,
আচরণ করা,আচরণ করলাম,V;1;PST,0.0,0.0,a t͡ʃ ɔ ɹ o n k ɔ ɹ l a m,0,V,1,PST,,,,,,,
আচরণ করা,আচরণ করেন,V;3;PRS;POL,0.0,0.0,a t͡ʃ ɔ ɹ o n k ɔ ɹ e n,4,V,3,PRS,POL,,,,,,
আচরণ করা,আচরণ করতেন,V;3;PST;HAB;POL,0.0,0.0,a t͡ʃ ɔ ɹ o n k ɔ ɹ t̪ e n,1,V,3,PST,HAB,POL,,,,,
আচরণ করা,আচরণ করেছিলি,V;2;PST;PRF;LGSPEC1,0.0,0.0,a t͡ʃ ɔ ɹ o n k o ɹ e t͡ʃʰ i l i,3,V,2,PST,PRF,LGSPEC1,,,,,
আচরণ করা,আচরণ করলে,V;V.PTCP;COND,0.0,0.0,a t͡ʃ ɔ ɹ o n k ɔ ɹ l e,0,V,V.PTCP,COND,,,,,,,
আচরণ করা,আচরণ করছো,V;3;PRS;PROG;INFM,0.0,0.0,a t͡ʃ ɔ ɹ o n k ɔ ɹ o t͡ʃʰ o,0,V,3,PRS,PROG,INFM,,,,,
আচরণ করা,আচরণ করতাম,V;1;PST;HAB,0.0,0.0,a t͡ʃ ɔ ɹ o n k ɔ ɹ t̪ a m,4,V,1,PST,HAB,,,,,,
আচরণ করা,আচরণ করেছে,V;2;PRS;PRF;POL,0.0,0.0,a t͡ʃ ɔ ɹ o n k ɔ ɹ e t͡ʃʰ e,2,V,2,PRS,PRF,POL,,,,,
আচরণ করা,আচরণ করছিলে,V;3;PST;PROG;INFM,0.0,0.0,a t͡ʃ ɔ ɹ o n o k ɔ ɹ t͡ʃʰ i l e,1,V,3,PST,PROG,INFM,,,,,
আচরণ করা,আচরণ করেছিলাম,V;1;PST;PRF,0.0,0.0,a t͡ʃ ɔ ɹ o n k o ɹ e t͡ʃʰ i l a m,2,V,1,PST,PRF,,,,,,
আচরণ করা,আচরণ করিস,V;2;PRS;LGSPEC1,0.0,0.0,a t͡ʃ ɔ ɹ o n k ɔ ɹ i ʃ,3,V,2,PRS,LGSPEC1,,,,,,
ঘামানো,ঘামালো,V;2;PST;POL,0.0,1.1304347826086954e-06,ɡʱ a m a l o,2,V,2,PST,POL,,,,,,
ঘামানো,ঘামিয়েছি,V;1;PRS;PRF,0.0,1.1304347826086954e-06,ɡʱ a m i̯ e t͡ʃʰ i,1,V,1,PRS,PRF,,,,,,
ঘামানো,ঘামাচ্ছিলো,V;2;PST;PROG;POL,0.0,1.1304347826086954e-06,ɡʱ a m a t͡ʃʰː i l o,3,V,2,PST,PROG,POL,,,,,
ঘামানো,ঘামাচ্ছিস,V;2;PRS;PROG;LGSPEC1,0.0,1.1304347826086954e-06,ɡʱ a m a t͡ʃʰː i ʃ,1,V,2,PRS,PROG,LGSPEC1,,,,,
ঘামানো,ঘামালে,V;3;PST;INFM,0.0,1.1304347826086954e-06,ɡʱ a m a l e,2,V,3,PST,INFM,,,,,,
ঘামানো,ঘামাতে,V;V.PTCP;PROG,9e-06,1.1304347826086954e-06,ɡʱ a m a t̪ e,1,V,V.PTCP,PROG,,,,,,,
ঘামানো,ঘামালেন,V;3;PST;POL,0.0,1.1304347826086954e-06,ɡʱ a m a l e n,3,V,3,PST,POL,,,,,,
ঘামানো,ঘামিয়েছেন,V;3;PRS;PRF;POL,0.0,1.1304347826086954e-06,ɡʱ a m i̯ e t͡ʃʰ e n,1,V,3,PRS,PRF,POL,,,,,
ঘামানো,ঘামাবে,V;3;FUT;INFM,2e-06,1.1304347826086954e-06,ɡʱ a m a b e,3,V,3,FUT,INFM,,,,,,
ঘামানো,ঘামালি,V;2;PST;LGSPEC1,0.0,1.1304347826086954e-06,ɡʱ a m a l i,2,V,2,PST,LGSPEC1,,,,,,
ঘামানো,ঘামায়,V;V.PTCP;HAB,1e-06,1.1304347826086954e-06,ɡʱ a m a e̯,0,V,V.PTCP,HAB,,,,,,,
ঘামানো,ঘামিয়েছিলেন,V;3;PST;PRF;POL,0.0,1.1304347826086954e-06,ɡʱ a m i̯ e t͡ʃʰ i l e n,0,V,3,PST,PRF,POL,,,,,
ঘামানো,ঘামাও,V;3;PRS;INFM,0.0,1.1304347826086954e-06,ɡʱ a m a o̯,0,V,3,PRS,INFM,,,,,,
ঘামানো,ঘামিয়েছিস,V;2;PRS;PRF;LGSPEC1,0.0,1.1304347826086954e-06,ɡʱ a m i̯ e t͡ʃʰ i ʃ,4,V,2,PRS,PRF,LGSPEC1,,,,,
ঘামানো,ঘামাচ্ছিলেন,V;3;PST;PROG;POL,0.0,1.1304347826086954e-06,ɡʱ a m a t͡ʃʰː i l e n,3,V,3,PST,PROG,POL,,,,,
ঘামানো,ঘামাচ্ছেন,V;3;PRS;PROG;POL,1e-06,1.1304347826086954e-06,ɡʱ a m a t͡ʃʰː e n,0,V,3,PRS,PROG,POL,,,,,
ঘামানো,ঘামাতে,V;3;PST;HAB;INFM,9e-06,1.1304347826086954e-06,ɡʱ a m a t̪ e,1,V,3,PST,HAB,INFM,,,,,
ঘামানো,ঘামাবি,V;2;FUT;LGSPEC1,0.0,1.1304347826086954e-06,ɡʱ a m a b i,3,V,2,FUT,LGSPEC1,,,,,,
ঘামানো,ঘামাচ্ছিলাম,V;1;PST;PROG,0.0,1.1304347826086954e-06,ɡʱ a m a t͡ʃʰː i l a m,2,V,1,PST,PROG,,,,,,
ঘামানো,ঘামাচ্ছি,V;1;PRS;PROG,0.0,1.1304347826086954e-06,ɡʱ a m a t͡ʃʰː i,1,V,1,PRS,PROG,,,,,,
ঘামানো,ঘামিয়েছিলো,V;2;PST;PRF;POL,0.0,1.1304347826086954e-06,ɡʱ a m i̯ e t͡ʃʰ i l o,1,V,2,PST,PRF,POL,,,,,
ঘামানো,ঘামায়,V;V.PTCP;PRF,1e-06,1.1304347826086954e-06,ɡʱ a m a e̯,1,V,V.PTCP,PRF,,,,,,,
ঘামানো,ঘামাতে,V;V.NFIN,9e-06,1.1304347826086954e-06,ɡʱ a m a t̪ e,3,V,V.NFIN,,,,,,,,
ঘামানো,ঘামিয়েছো,V;3;PRS;PRF;INFM,0.0,1.1304347826086954e-06,ɡʱ a m i̯ e t͡ʃʰ o,1,V,3,PRS,PRF,INFM,,,,,
ঘামানো,ঘামাবেন,V;3;FUT;POL,2e-06,1.1304347826086954e-06,ɡʱ a m a b e n,0,V,3,FUT,POL,,,,,,
ঘামানো,ঘামাচ্ছে,V;2;PRS;PROG;POL,0.0,1.1304347826086954e-06,ɡʱ a m a t͡ʃʰː e,1,V,2,PRS,PROG,POL,,,,,
ঘামানো,ঘামায়,V;2;PRS;POL,1e-06,1.1304347826086954e-06,ɡʱ a m a e̯,1,V,2,PRS,POL,,,,,,
ঘামানো,ঘামাতো,V;2;PST;HAB;POL,0.0,1.1304347826086954e-06,ɡʱ a m a t̪ o,4,V,2,PST,HAB,POL,,,,,
ঘামানো,ঘামিয়েছিলে,V;3;PST;PRF;INFM,0.0,1.1304347826086954e-06,ɡʱ a m i̯ e t͡ʃʰ i l e,2,V,3,PST,PRF,INFM,,,,,
ঘামানো,ঘামাবো,V;1;FUT,1e-06,1.1304347826086954e-06,ɡʱ a m a b o,1,V,1,FUT,,,,,,,
ঘামানো,ঘামাতিস,V;2;PST;HAB;LGSPEC1,0.0,1.1304347826086954e-06,ɡʱ a m a t̪ i ʃ,2,V,2,PST,HAB,LGSPEC1,,,,,
ঘামানো,ঘামাই,V;1;PRS,3e-06,1.1304347826086954e-06,ɡʱ a m a i̯,3,V,1,PRS,,,,,,,
ঘামানো,ঘামাচ্ছিলি,V;2;PST;PROG;LGSPEC1,0.0,1.1304347826086954e-06,ɡʱ a m a t͡ʃʰː i l i,4,V,2,PST,PROG,LGSPEC1,,,,,
ঘামানো,ঘামাবে,V;2;FUT;POL,2e-06,1.1304347826086954e-06,ɡʱ a m a b e,2,V,2,FUT,POL,,,,,,
ঘামানো,ঘামানো,V;V.MSDR,5e-06,1.1304347826086954e-06,ɡʱ a m a n o,3,V,V.MSDR,,,,,,,,
ঘামানো,ঘামালাম,V;1;PST,0.0,1.1304347826086954e-06,ɡʱ a m a l a m,1,V,1,PST,,,,,,,
ঘামানো,ঘামান,V;3;PRS;POL,5e-06,1.1304347826086954e-06,ɡʱ a m a n,0,V,3,PRS,POL,,,,,,
ঘামানো,ঘামাতেন,V;3;PST;HAB;POL,1e-06,1.1304347826086954e-06,ɡʱ a m a t̪ e n,0,V,3,PST,HAB,POL,,,,,
ঘামানো,ঘামিয়েছিলি,V;2;PST;PRF;LGSPEC1,0.0,1.1304347826086954e-06,ɡʱ a m i̯ e t͡ʃʰ i l i,2,V,2,PST,PRF,LGSPEC1,,,,,
ঘামানো,ঘামালে,V;V.PTCP;COND,0.0,1.1304347826086954e-06,ɡʱ a m a l e,2,V,V.PTCP,COND,,,,,,,
ঘামানো,ঘামাচ্ছো,V;3;PRS;PROG;INFM,0.0,1.1304347826086954e-06,ɡʱ a m a t͡ʃʰː o,0,V,3,PRS,PROG,INFM,,,,,
ঘামানো,ঘামাতাম,V;1;PST;HAB,0.0,1.1304347826086954e-06,ɡʱ a m a t̪ a m,2,V,1,PST,HAB,,,,,,
ঘামানো,ঘামিয়েছে,V;2;PRS;PRF;POL,0.0,1.1304347826086954e-06,ɡʱ a m i̯ e t͡ʃʰ e,1,V,2,PRS,PRF,POL,,,,,
ঘামানো,ঘামাচ্ছিলে,V;3;PST;PROG;INFM,0.0,1.1304347826086954e-06,ɡʱ a m a t͡ʃʰː i l e,0,V,3,PST,PROG,INFM,,,,,
ঘামানো,ঘামিয়েছিলাম,V;1;PST;PRF,0.0,1.1304347826086954e-06,ɡʱ a m i̯ e t͡ʃʰ i l a m,3,V,1,PST,PRF,,,,,,
ঘামানো,ঘামাস,V;2;PRS;LGSPEC1,0.0,1.1304347826086954e-06,ɡʱ a m a ʃ,2,V,2,PRS,LGSPEC1,,,,,,
অনুভব করা,অনুভব করলো,V;2;PST;POL,0.0,0.0,ɔ n u bʱ o b o k o ɹ o,4,V,2,PST,POL,,,,,,
অনুভব করা,অনুভব করেছি,V;1;PRS;PRF,0.0,0.0,o n u bʱ o b o k o ɹ e t͡ʃʰ i,2,V,1,PRS,PRF,,,,,,
অনুভব করা,অনুভব করছিলো,V;2;PST;PROG;POL,0.0,0.0,o n u bʱ o b o k o ɹ t͡ʃʰ i l o,1,V,2,PST,PROG,POL,,,,,
অনুভব করা,অনুভব করছিস,V;2;PRS;PROG;LGSPEC1,0.0,0.0,o n u bʱ o b o k o ɹ t͡ʃʰ i ʃ,4,V,2,PRS,PROG,LGSPEC1,,,,,
অনুভব করা,অনুভব করলে,V;3;PST;INFM,0.0,0.0,ɔ n u bʱ o b o k o ɹ l e,0,V,3,PST,INFM,,,,,,
অনুভব করা,অনুভব করতেকরতে,V;V.PTCP;PROG,0.0,0.0,ɔ n u bʱ o b o k o ɹ t̪ e k ɔ r o t̪ e,0,V,V.PTCP,PROG,,,,,,,
অনুভব করা,অনুভব করলেন,V;3;PST;POL,0.0,0.0,ɔ n u bʱ o b o k o ɹ l e n,1,V,3,PST,POL,,,,,,
অনুভব করা,অনুভব করেছেন,V;3;PRS;PRF;POL,0.0,0.0,ɔ n u bʱ o b o k o ɹ e t͡ʃʰ e n,4,V,3,PRS,PRF,POL,,,,,
অনুভব করা,অনুভব করবে,V;3;FUT;INFM,0.0,0.0,ɔ n u bʱ o b o k o ɹ b e,4,V,3,FUT,INFM,,,,,,
অনুভব করা,অনুভব করলি,V;2;PST;LGSPEC1,0.0,0.0,o n u bʱ o b o k o r o l i,4,V,2,PST,LGSPEC1,,,,,,
অনুভব করা,অনুভব করেকরে,V;V.PTCP;HAB,0.0,0.0,ɔ n u bʱ o b o k o ɹ e k ɔ ɹ e,0,V,V.PTCP,HAB,,,,,,,
অনুভব করা,অনুভব করেছিলেন,V;3;PST;PRF;POL,0.0,0.0,o n u bʱ o b o k o ɹ e t͡ʃʰ i l e n,2,V,3,PST,PRF,POL,,,,,
অনুভব করা,অনুভব করো,V;3;PRS;INFM,0.0,0.0,ɔ n u bʱ o b o k o ɹ o,0,V,3,PRS,INFM,,,,,,
অনুভব করা,অনুভব করেছিস,V;2;PRS;PRF;LGSPEC1,0.0,0.0,o n u bʱ o b o k o ɹ e t͡ʃʰ i ʃ,1,V,2,PRS,PRF,LGSPEC1,,,,,
অনুভব করা,অনুভব করছিলেন,V;3;PST;PROG;POL,0.0,0.0,ɔ n u bʱ o b o k o ɹ t͡ʃʰ i l e n,0,V,3,PST,PROG,POL,,,,,
অনুভব করা,অনুভব করছেন,V;3;PRS;PROG;POL,0.0,0.0,ɔ n u bʱ o b o k o ɹ o t͡ʃʰ e n,0,V,3,PRS,PROG,POL,,,,,
অনুভব করা,অনুভব করতে,V;3;PST;HAB;INFM,0.0,0.0,ɔ n u bʱ o b o k o ɹ o t̪ e,0,V,3,PST,HAB,INFM,,,,,
অনুভব করা,অনুভব করবি,V;2;FUT;LGSPEC1,0.0,0.0,o n u bʱ o b o k o r o b i,3,V,2,FUT,LGSPEC1,,,,,,
অনুভব করা,অনুভব করছিলাম,V;1;PST;PROG,0.0,0.0,o n u bʱ o b o k o ɹ t͡ʃʰ i l a m,0,V,1,PST,PROG,,,,,,
অনুভব করা,অনুভব করছি,V;1;PRS;PROG,0.0,0.0,o n u bʱ o b o k o ɹ o t͡ʃʰ i,3,V,1,PRS,PROG,,,,,,
অনুভব করা,অনুভব করেছিলো,V;2;PST;PRF;POL,0.0,0.0,o n u bʱ o b o k o ɹ e t͡ʃʰ i l o,3,V,2,PST,PRF,POL,,,,,
অনুভব করা,অনুভব করে,V;V.PTCP;PRF,0.0,0.0,ɔ n u bʱ o b o k o ɹ e,3,V,V.PTCP,PRF,,,,,,,
অনুভব করা,অনুভব করতে,V;V.NFIN,0.0,0.0,ɔ n u bʱ o b o k o ɹ o t̪ e,2,V,V.NFIN,,,,,,,,
অনুভব করা,অনুভব করেছো,V;3;PRS;PRF;INFM,0.0,0.0,ɔ n u bʱ o b o k o ɹ e t͡ʃʰ o,1,V,3,PRS,PRF,INFM,,,,,
অনুভব করা,অনুভব করবেন,V;3;FUT;POL,0.0,0.0,ɔ n u bʱ o b o k o ɹ b e n,0,V,3,FUT,POL,,,,,,
অনুভব করা,অনুভব করছে,V;2;PRS;PROG;POL,0.0,0.0,ɔ n u bʱ o b o k o ɹ o t͡ʃʰ e,1,V,2,PRS,PROG,POL,,,,,
অনুভব করা,অনুভব করে,V;2;PRS;POL,0.0,0.0,ɔ n u bʱ o b o k o ɹ e,4,V,2,PRS,POL,,,,,,
অনুভব করা,অনুভব করতো,V;2;PST;HAB;POL,0.0,0.0,ɔ n u bʱ o b o k o ɹ o t̪ o,4,V,2,PST,HAB,POL,,,,,
অনুভব করা,অনুভব করেছিলে,V;3;PST;PRF;INFM,0.0,0.0,o n u bʱ o b o k o ɹ e t͡ʃʰ i l e,3,V,3,PST,PRF,INFM,,,,,
অনুভব করা,অনুভব করবো,V;1;FUT,0.0,0.0,ɔ n u bʱ o b o k o ɹ o b o,4,V,1,FUT,,,,,,,
অনুভব করা,অনুভব করতিস,V;2;PST;HAB;LGSPEC1,0.0,0.0,o n u bʱ o b o k o ɹ o t̪ i ʃ,4,V,2,PST,HAB,LGSPEC1,,,,,
অনুভব করা,অনুভব করি,V;1;PRS,0.0,0.0,o n u bʱ o b o k o ɹ i,3,V,1,PRS,,,,,,,
অনুভব করা,অনুভব করছিলি,V;2;PST;PROG;LGSPEC1,0.0,0.0,o n u bʱ o b o k o ɹ t͡ʃʰ i l i,2,V,2,PST,PROG,LGSPEC1,,,,,
অনুভব করা,অনুভব করবে,V;2;FUT;POL,0.0,0.0,ɔ n u bʱ o b o k o ɹ b e,0,V,2,FUT,POL,,,,,,
অনুভব করা,অনুভব করা,V;V.MSDR,0.0,0.0,ɔ n u bʱ o b o k ɔ ɹ a,1,V,V.MSDR,,,,,,,,
অনুভব করা,অনুভব করলাম,V;1;PST,0.0,0.0,ɔ n u bʱ o b o k o ɹ l a m,0,V,1,PST,,,,,,,
অনুভব করা,অনুভব করেন,V;3;PRS;POL,0.0,0.0,ɔ n u bʱ o b o k ɔ ɹ e n,0,V,3,PRS,POL,,,,,,
অনুভব করা,অনুভব করতেন,V;3;PST;HAB;POL,0.0,0.0,ɔ n u bʱ o b o k o ɹ t̪ e n,4,V,3,PST,HAB,POL,,,,,
অনুভব করা,অনুভব করেছিলি,V;2;PST;PRF;LGSPEC1,0.0,0.0,o n u bʱ o b o k o ɹ e t͡ʃʰ i l i,2,V,2,PST,PRF,LGSPEC1,,,,,
অনুভব করা,অনুভব করলে,V;V.PTCP;COND,0.0,0.0,ɔ n u bʱ o b o k o ɹ l e,3,V,V.PTCP,COND,,,,,,,
অনুভব করা,অনুভব করছো,V;3;PRS;PROG;INFM,0.0,0.0,ɔ n u bʱ o b o k o ɹ o t͡ʃʰ o,4,V,3,PRS,PROG,INFM,,,,,
অনুভব করা,অনুভব করতাম,V;1;PST;HAB,0.0,0.0,ɔ n u bʱ o b o k o ɹ o t̪ a m,2,V,1,PST,HAB,,,,,,
অনুভব করা,অনুভব করেছে,V;2;PRS;PRF;POL,0.0,0.0,ɔ n u bʱ o b o k o ɹ e t͡ʃʰ e,2,V,2,PRS,PRF,POL,,,,,
অনুভব করা,অনুভব করছিলে,V;3;PST;PROG;INFM,0.0,0.0,o n u bʱ o b o k o ɹ t͡ʃʰ i l e,2,V,3,PST,PROG,INFM,,,,,
অনুভব করা,অনুভব করেছিলাম,V;1;PST;PRF,0.0,0.0,o n u bʱ o b o k o ɹ e t͡ʃʰ i l a m,1,V,1,PST,PRF,,,,,,
অনুভব করা,অনুভব করিস,V;2;PRS;LGSPEC1,0.0,0.0,o n u bʱ o b o k o ɹ i ʃ,4,V,2,PRS,LGSPEC1,,,,,,
ভালবাসা,ভালবাসলো,V;2;PST;POL,0.0,1.4608695652173917e-05,bʱ a l b a ʃ l o,0,V,2,PST,POL,,,,,,
ভালবাসা,ভালবেসেছি,V;1;PRS;PRF,2e-06,1.4608695652173917e-05,bʱ a l b e ʃ e t͡ʃʰ i,0,V,1,PRS,PRF,,,,,,
ভালবাসা,ভালবাসছিলো,V;2;PST;PROG;POL,0.0,1.4608695652173917e-05,bʱ a l b a ʃ t͡ʃʰ i l o,4,V,2,PST,PROG,POL,,,,,
ভালবাসা,ভালবাসছিস,V;2;PRS;PROG;LGSPEC1,0.0,1.4608695652173917e-05,bʱ a l b a ʃ t͡ʃʰ i ʃ,4,V,2,PRS,PROG,LGSPEC1,,,,,
ভালবাসা,ভালবাসলে,V;3;PST;INFM,5e-06,1.4608695652173917e-05,bʱ a l b a ʃ l e,3,V,3,PST,INFM,,,,,,
ভালবাসা,ভালবাসতে,V;V.PTCP;PROG,3e-05,1.4608695652173917e-05,bʱ a l b a ʃ t̪ e,4,V,V.PTCP,PROG,,,,,,,
ভালবাসা,ভালবাসলেন,V;3;PST;POL,0.0,1.4608695652173917e-05,bʱ a l b a ʃ l e n,3,V,3,PST,POL,,,,,,
ভালবাসা,ভালবেসেছেন,V;3;PRS;PRF;POL,1e-06,1.4608695652173917e-05,bʱ a l b e ʃ e t͡ʃʰ e n,0,V,3,PRS,PRF,POL,,,,,
ভালবাসা,ভালবাসবে,V;3;FUT;INFM,8e-06,1.4608695652173917e-05,bʱ a l b a ʃ b e,1,V,3,FUT,INFM,,,,,,
ভালবাসা,ভালবাসলি,V;2;PST;LGSPEC1,0.0,1.4608695652173917e-05,bʱ a l b a ʃ l i,4,V,2,PST,LGSPEC1,,,,,,
ভালবাসা,ভালবেসে,V;V.PTCP;HAB,3.7e-05,1.4608695652173917e-05,bʱ a l b e ʃ e,0,V,V.PTCP,HAB,,,,,,,
ভালবাসা,ভালবেসেছিলেন,V;3;PST;PRF;POL,1e-06,1.4608695652173917e-05,bʱ a l b e ʃ e t͡ʃʰ i l e n,1,V,3,PST,PRF,POL,,,,,
ভালবাসা,ভালবাসো,V;3;PRS;INFM,0.0,1.4608695652173917e-05,bʱ a l b a ʃ o,4,V,3,PRS,INFM,,,,,,
ভালবাসা,ভালবেসেছিস,V;2;PRS;PRF;LGSPEC1,0.0,1.4608695652173917e-05,bʱ a l b e ʃ e t͡ʃʰ i ʃ,4,V,2,PRS,PRF,LGSPEC1,,,,,
ভালবাসা,ভালবাসছিলেন,V;3;PST;PROG;POL,0.0,1.4608695652173917e-05,bʱ a l b a ʃ t͡ʃʰ i l e n,3,V,3,PST,PROG,POL,,,,,
ভালবাসা,ভালবাসছেন,V;3;PRS;PROG;POL,1e-06,1.4608695652173917e-05,bʱ a l b a ʃ t͡ʃʰ e n,2,V,3,PRS,PROG,POL,,,,,
ভালবাসা,ভালবাসতে,V;3;PST;HAB;INFM,3e-05,1.4608695652173917e-05,bʱ a l b a ʃ t̪ e,3,V,3,PST,HAB,INFM,,,,,
ভালবাসা,ভালবাসবি,V;2;FUT;LGSPEC1,0.0,1.4608695652173917e-05,bʱ a l b a ʃ b i,4,V,2,FUT,LGSPEC1,,,,,,
ভালবাসা,ভালবাসছিলাম,V;1;PST;PROG,0.0,1.4608695652173917e-05,bʱ a l b a ʃ t͡ʃʰ i l a m,2,V,1,PST,PROG,,,,,,
ভালবাসা,ভালবাসছি,V;1;PRS;PROG,0.0,1.4608695652173917e-05,bʱ a l b a ʃ t͡ʃʰ i,3,V,1,PRS,PROG,,,,,,
ভালবাসা,ভালবেসেছিলো,V;2;PST;PRF;POL,0.0,1.4608695652173917e-05,bʱ a l b e ʃ e t͡ʃʰ i l o,0,V,2,PST,PRF,POL,,,,,
ভালবাসা,ভালবেসে,V;V.PTCP;PRF,3.7e-05,1.4608695652173917e-05,bʱ a l b e ʃ e,1,V,V.PTCP,PRF,,,,,,,
ভালবাসা,ভালবাসতে,V;V.NFIN,3e-05,1.4608695652173917e-05,bʱ a l b a ʃ t̪ e,4,V,V.NFIN,,,,,,,,
ভালবাসা,ভালবেসেছো,V;3;PRS;PRF;INFM,0.0,1.4608695652173917e-05,bʱ a l b e ʃ e t͡ʃʰ o,2,V,3,PRS,PRF,INFM,,,,,
ভালবাসা,ভালবাসবেন,V;3;FUT;POL,1e-06,1.4608695652173917e-05,bʱ a l b a ʃ b e n,1,V,3,FUT,POL,,,,,,
ভালবাসা,ভালবাসছে,V;2;PRS;PROG;POL,1e-06,1.4608695652173917e-05,bʱ a l b a ʃ t͡ʃʰ e,2,V,2,PRS,PROG,POL,,,,,
ভালবাসা,ভালবাসে,V;2;PRS;POL,3.4e-05,1.4608695652173917e-05,bʱ a l b a ʃ e,4,V,2,PRS,POL,,,,,,
ভালবাসা,ভালবাসতো,V;2;PST;HAB;POL,1e-06,1.4608695652173917e-05,bʱ a l b a ʃ o t̪ o,4,V,2,PST,HAB,POL,,,,,
ভালবাসা,ভালবেসেছিলে,V;3;PST;PRF;INFM,0.0,1.4608695652173917e-05,bʱ a l b e ʃ e t͡ʃʰ i l e,3,V,3,PST,PRF,INFM,,,,,
ভালবাসা,ভালবাসবো,V;1;FUT,0.0,1.4608695652173917e-05,bʱ a l b a ʃ b o,4,V,1,FUT,,,,,,,
ভালবাসা,ভালবাসতিস,V;2;PST;HAB;LGSPEC1,0.0,1.4608695652173917e-05,bʱ a l b a ʃ t̪ i ʃ,1,V,2,PST,HAB,LGSPEC1,,,,,
ভালবাসা,ভালবাসি,V;1;PRS,5.6e-05,1.4608695652173917e-05,bʱ a l b a ʃ i,4,V,1,PRS,,,,,,,
ভালবাসা,ভালবাসছিলি,V;2;PST;PROG;LGSPEC1,0.0,1.4608695652173917e-05,bʱ a l b a ʃ t͡ʃʰ i l i,1,V,2,PST,PROG,LGSPEC1,,,,,
ভালবাসা,ভালবাসবে,V;2;FUT;POL,8e-06,1.4608695652173917e-05,bʱ a l b a ʃ b e,1,V,2,FUT,POL,,,,,,
ভালবাসা,ভালবাসা,V;V.MSDR,0.000304,1.4608695652173917e-05,bʱ a l b a ʃ a,1,V,V.MSDR,,,,,,,,
ভালবাসা,ভালবাসলাম,V;1;PST,0.0,1.4608695652173917e-05,bʱ a l b a ʃ l a m,1,V,1,PST,,,,,,,
ভালবাসা,ভালবাসেন,V;3;PRS;POL,6.6e-05,1.4608695652173917e-05,bʱ a l b a ʃ e n,3,V,3,PRS,POL,,,,,,
ভালবাসা,ভালবাসতেন,V;3;PST;HAB;POL,1e-05,1.4608695652173917e-05,bʱ a l b a ʃ t̪ e n,1,V,3,PST,HAB,POL,,,,,
ভালবাসা,ভালবেসেছিলি,V;2;PST;PRF;LGSPEC1,0.0,1.4608695652173917e-05,bʱ a l b e ʃ e t͡ʃʰ i l i,2,V,2,PST,PRF,LGSPEC1,,,,,
ভালবাসা,ভালবাসলে,V;V.PTCP;COND,5e-06,1.4608695652173917e-05,bʱ a l b a ʃ l e,3,V,V.PTCP,COND,,,,,,,
ভালবাসা,ভালবাসছো,V;3;PRS;PROG;INFM,0.0,1.4608695652173917e-05,bʱ a l b a ʃ o t͡ʃʰ o,1,V,3,PRS,PROG,INFM,,,,,
ভালবাসা,ভালবাসতাম,V;1;PST;HAB,2e-06,1.4608695652173917e-05,bʱ a l b a ʃ t̪ a m,2,V,1,PST,HAB,,,,,,
ভালবাসা,ভালবেসেছে,V;2;PRS;PRF;POL,0.0,1.4608695652173917e-05,bʱ a l b e ʃ e t͡ʃʰ e,2,V,2,PRS,PRF,POL,,,,,
ভালবাসা,ভালবাসছিলে,V;3;PST;PROG;INFM,0.0,1.4608695652173917e-05,bʱ a l b a ʃ t͡ʃʰ i l e,2,V,3,PST,PROG,INFM,,,,,
ভালবাসা,ভালবেসেছিলাম,V;1;PST;PRF,2e-06,1.4608695652173917e-05,bʱ a l b e ʃ e t͡ʃʰ i l a m,4,V,1,PST,PRF,,,,,,
ভালবাসা,ভালবাসিস,V;2;PRS;LGSPEC1,0.0,1.4608695652173917e-05,bʱ a l b a ʃ i ʃ,2,V,2,PRS,LGSPEC1,,,,,,
ফেলা,ফেল্লো,V;2;PST;POL,0.0,0.0002183478260869,f e lː o,1,V,2,PST,POL,,,,,,
ফেলা,ফেলেছি,V;1;PRS;PRF,4.4e-05,0.0002183478260869,f e l e t͡ʃʰ i,0,V,1,PRS,PRF,,,,,,
ফেলা,ফেলছিলো,V;2;PST;PROG;POL,0.0,0.0002183478260869,f e l t͡ʃʰ i l o,4,V,2,PST,PROG,POL,,,,,
ফেলা,ফেলছিস,V;2;PRS;PROG;LGSPEC1,0.0,0.0002183478260869,f e l t͡ʃʰ i ʃ,2,V,2,PRS,PROG,LGSPEC1,,,,,
ফেলা,ফেল্লে,V;3;PST;INFM,3e-06,0.0002183478260869,f e lː e,3,V,3,PST,INFM,,,,,,
ফেলা,ফেলতে,V;V.PTCP;PROG,0.001004,0.0002183478260869,f e l t̪ e,4,V,V.PTCP,PROG,,,,,,,
ফেলা,ফেল্লেন,V;3;PST;POL,0.0,0.0002183478260869,f e lː e n,4,V,3,PST,POL,,,,,,
ফেলা,ফেলেছেন,V;3;PRS;PRF;POL,8.6e-05,0.0002183478260869,f e l e t͡ʃʰ e n,1,V,3,PRS,PRF,POL,,,,,
ফেলা,ফেলবে,V;3;FUT;INFM,0.000102,0.0002183478260869,f e l b e,4,V,3,FUT,INFM,,,,,,
ফেলা,ফেল্লি,V;2;PST;LGSPEC1,0.0,0.0002183478260869,f e lː i,2,V,2,PST,LGSPEC1,,,,,,
ফেলা,ফেলে,V;V.PTCP;HAB,0.001697,0.0002183478260869,f e l e,4,V,V.PTCP,HAB,,,,,,,
ফেলা,ফেলেছিলেন,V;3;PST;PRF;POL,1.8e-05,0.0002183478260869,f e l e t͡ʃʰ i l e n,4,V,3,PST,PRF,POL,,,,,
ফেলা,ফেলো,V;3;PRS;INFM,0.000111,0.0002183478260869,f e l o,4,V,3,PRS,INFM,,,,,,
ফেলা,ফেলেছিস,V;2;PRS;PRF;LGSPEC1,1e-06,0.0002183478260869,f e l e t͡ʃʰ i ʃ,4,V,2,PRS,PRF,LGSPEC1,,,,,
ফেলা,ফেলছিলেন,V;3;PST;PROG;POL,0.0,0.0002183478260869,f e l t͡ʃʰ i l e n,2,V,3,PST,PROG,POL,,,,,
ফেলা,ফেলছেন,V;3;PRS;PROG;POL,2.8e-05,0.0002183478260869,f e l t͡ʃʰ e n,2,V,3,PRS,PROG,POL,,,,,
ফেলা,ফেলতে,V;3;PST;HAB;INFM,0.001004,0.0002183478260869,f e l t̪ e,1,V,3,PST,HAB,INFM,,,,,
ফেলা,ফেলবি,V;2;FUT;LGSPEC1,0.0,0.0002183478260869,f e l b i,2,V,2,FUT,LGSPEC1,,,,,,
ফেলা,ফেলছিলাম,V;1;PST;PROG,0.0,0.0002183478260869,f e l t͡ʃʰ i l a m,3,V,1,PST,PROG,,,,,,
ফেলা,ফেলছি,V;1;PRS;PROG,1.2e-05,0.0002183478260869,f e l s i,4,V,1,PRS,PROG,,,,,,
ফেলা,ফেলেছিলো,V;2;PST;PRF;POL,1e-06,0.0002183478260869,f e l e t͡ʃʰ i l o,3,V,2,PST,PRF,POL,,,,,
ফেলা,ফেলে,V;V.PTCP;PRF,0.001697,0.0002183478260869,f e l e,2,V,V.PTCP,PRF,,,,,,,
ফেলা,ফেলতে,V;V.NFIN,0.001004,0.0002183478260869,f e l t̪ e,3,V,V.NFIN,,,,,,,,
ফেলা,ফেলেছো,V;3;PRS;PRF;INFM,2e-06,0.0002183478260869,f e l e s o,4,V,3,PRS,PRF,INFM,,,,,
ফেলা,ফেলবেন,V;3;FUT;POL,7.1e-05,0.0002183478260869,f e l b e n,0,V,3,FUT,POL,,,,,,
ফেলা,ফেলছে,V;2;PRS;PROG;POL,6.3e-05,0.0002183478260869,f e l t͡ʃʰ e,4,V,2,PRS,PROG,POL,,,,,
ফেলা,ফেলে,V;2;PRS;POL,0.001697,0.0002183478260869,f e l e,2,V,2,PRS,POL,,,,,,
ফেলা,ফেলতো,V;2;PST;HAB;POL,4e-06,0.0002183478260869,f e l t̪ o,1,V,2,PST,HAB,POL,,,,,
ফেলা,ফেলেছিলে,V;3;PST;PRF;INFM,0.0,0.0002183478260869,f e l e t͡ʃʰ i l e,1,V,3,PST,PRF,INFM,,,,,
ফেলা,ফেলবো,V;1;FUT,4e-06,0.0002183478260869,f e l b o,1,V,1,FUT,,,,,,,
ফেলা,ফেলতিস,V;2;PST;HAB;LGSPEC1,0.0,0.0002183478260869,f e l t̪ i ʃ,2,V,2,PST,HAB,LGSPEC1,,,,,
ফেলা,ফেলি,V;1;PRS,0.000144,0.0002183478260869,f e l i,3,V,1,PRS,,,,,,,
ফেলা,ফেলছিলি,V;2;PST;PROG;LGSPEC1,0.0,0.0002183478260869,f e l t͡ʃʰ i l i,2,V,2,PST,PROG,LGSPEC1,,,,,
ফেলা,ফেলবে,V;2;FUT;POL,0.000102,0.0002183478260869,f e l b e,3,V,2,FUT,POL,,,,,,
ফেলা,ফেলা,V;V.MSDR,0.000764,0.0002183478260869,f e l a,2,V,V.MSDR,,,,,,,,
ফেলা,ফেল্লাম,V;1;PST,4e-06,0.0002183478260869,f e lː a m,1,V,1,PST,,,,,,,
ফেলা,ফেলেন,V;3;PRS;POL,0.000178,0.0002183478260869,f e l e n,0,V,3,PRS,POL,,,,,,
ফেলা,ফেলতেন,V;3;PST;HAB;POL,4e-06,0.0002183478260869,f e l t̪ e n,3,V,3,PST,HAB,POL,,,,,
ফেলা,ফেলেছিলি,V;2;PST;PRF;LGSPEC1,0.0,0.0002183478260869,f e l e t͡ʃʰ i l i,3,V,2,PST,PRF,LGSPEC1,,,,,
ফেলা,ফেল্লে,V;V.PTCP;COND,3e-06,0.0002183478260869,f e lː e,2,V,V.PTCP,COND,,,,,,,
ফেলা,ফেলছো,V;3;PRS;PROG;INFM,0.0,0.0002183478260869,f e l s o,1,V,3,PRS,PROG,INFM,,,,,
ফেলা,ফেলতাম,V;1;PST;HAB,5e-06,0.0002183478260869,f e l t̪ a m,0,V,1,PST,HAB,,,,,,
ফেলা,ফেলেছে,V;2;PRS;PRF;POL,0.00018,0.0002183478260869,f e l e t͡ʃʰ e,2,V,2,PRS,PRF,POL,,,,,
ফেলা,ফেলছিলে,V;3;PST;PROG;INFM,0.0,0.0002183478260869,f e l t͡ʃʰ i l e,1,V,3,PST,PROG,INFM,,,,,
ফেলা,ফেলেছিলাম,V;1;PST;PRF,7e-06,0.0002183478260869,f e l e t͡ʃʰ i l a m,2,V,1,PST,PRF,,,,,,
ফেলা,ফেলিস,V;2;PRS;LGSPEC1,0.0,0.0002183478260869,f e l i ʃ,4,V,2,PRS,LGSPEC1,,,,,,
দাঁড়ানো,দাঁড়ালো,V;2;PST;POL,3e-06,5.217391304347826e-06,d̪ a ɹ a l o,0,V,2,PST,POL,,,,,,
দাঁড়ানো,দাঁড়িয়েছি,V;1;PRS;PRF,0.0,5.217391304347826e-06,d̪ a ɹ i̯ e t͡ʃʰ i,4,V,1,PRS,PRF,,,,,,
দাঁড়ানো,দাঁড়াচ্ছিলো,V;2;PST;PROG;POL,0.0,5.217391304347826e-06,d̪ a ɹ a t͡ʃʰː i l o,1,V,2,PST,PROG,POL,,,,,
দাঁড়ানো,দাঁড়াচ্ছিস,V;2;PRS;PROG;LGSPEC1,0.0,5.217391304347826e-06,d̪ a ɹ a t͡ʃʰː i ʃ,2,V,2,PRS,PROG,LGSPEC1,,,,,
দাঁড়ানো,দাঁড়ালে,V;3;PST;INFM,3e-06,5.217391304347826e-06,d̪ a ɹ a l e,1,V,3,PST,INFM,,,,,,
দাঁড়ানো,দাঁড়াতে,V;V.PTCP;PROG,2.9e-05,5.217391304347826e-06,d̪ a ɹ a t̪ e,4,V,V.PTCP,PROG,,,,,,,
দাঁড়ানো,দাঁড়ালেন,V;3;PST;POL,2e-06,5.217391304347826e-06,d̪ a ɹ a l e n,0,V,3,PST,POL,,,,,,
দাঁড়ানো,দাঁড়িয়েছেন,V;3;PRS;PRF;POL,0.0,5.217391304347826e-06,d̪ a ɹ i̯ e t͡ʃʰ e n,4,V,3,PRS,PRF,POL,,,,,
দাঁড়ানো,দাঁড়াবে,V;3;FUT;INFM,9e-06,5.217391304347826e-06,d̪ a ɹ a b e,4,V,3,FUT,INFM,,,,,,
দাঁড়ানো,দাঁড়ালি,V;2;PST;LGSPEC1,0.0,5.217391304347826e-06,d̪ a ɹ a l i,4,V,2,PST,LGSPEC1,,,,,,
দাঁড়ানো,দাঁড়ায়,V;V.PTCP;HAB,2.7e-05,5.217391304347826e-06,d̪ a ɹ a e̯,2,V,V.PTCP,HAB,,,,,,,
দাঁড়ানো,দাঁড়িয়েছিলেন,V;3;PST;PRF;POL,0.0,5.217391304347826e-06,d̪ a ɹ i̯ e t͡ʃʰ i l e n,4,V,3,PST,PRF,POL,,,,,
দাঁড়ানো,দাঁড়াও,V;3;PRS;INFM,1e-06,5.217391304347826e-06,d̪ a ɹ a o̯,1,V,3,PRS,INFM,,,,,,
দাঁড়ানো,দাঁড়িয়েছিস,V;2;PRS;PRF;LGSPEC1,0.0,5.217391304347826e-06,d̪ a ɹ i̯ e t͡ʃʰ i ʃ,0,V,2,PRS,PRF,LGSPEC1,,,,,
দাঁড়ানো,দাঁড়াচ্ছিলেন,V;3;PST;PROG;POL,0.0,5.217391304347826e-06,d̪ a ɹ a t͡ʃʰː i l e n,1,V,3,PST,PROG,POL,,,,,
দাঁড়ানো,দাঁড়াচ্ছেন,V;3;PRS;PROG;POL,0.0,5.217391304347826e-06,d̪ a ɹ a t͡ʃʰː e n,2,V,3,PRS,PROG,POL,,,,,
দাঁড়ানো,দাঁড়াতে,V;3;PST;HAB;INFM,2.9e-05,5.217391304347826e-06,d̪ a ɹ a t̪ e,2,V,3,PST,HAB,INFM,,,,,
দাঁড়ানো,দাঁড়াবি,V;2;FUT;LGSPEC1,0.0,5.217391304347826e-06,d̪ a ɹ a b i,2,V,2,FUT,LGSPEC1,,,,,,
দাঁড়ানো,দাঁড়াচ্ছিলাম,V;1;PST;PROG,0.0,5.217391304347826e-06,d̪ a ɹ a t͡ʃʰː i l a m,2,V,1,PST,PROG,,,,,,
দাঁড়ানো,দাঁড়াচ্ছি,V;1;PRS;PROG,0.0,5.217391304347826e-06,d̪ a ɹ a t͡ʃʰː i,2,V,1,PRS,PROG,,,,,,
দাঁড়ানো,দাঁড়িয়েছিলো,V;2;PST;PRF;POL,0.0,5.217391304347826e-06,d̪ a ɹ i̯ e t͡ʃʰ i l o,0,V,2,PST,PRF,POL,,,,,
দাঁড়ানো,দাঁড়ায়,V;V.PTCP;PRF,2.7e-05,5.217391304347826e-06,d̪ a ɹ a e̯,2,V,V.PTCP,PRF,,,,,,,
দাঁড়ানো,দাঁড়াতে,V;V.NFIN,2.9e-05,5.217391304347826e-06,d̪ a ɹ a t̪ e,1,V,V.NFIN,,,,,,,,
দাঁড়ানো,দাঁড়িয়েছো,V;3;PRS;PRF;INFM,0.0,5.217391304347826e-06,d̪ a ɹ i̯ e s o,3,V,3,PRS,PRF,INFM,,,,,
দাঁড়ানো,দাঁড়াবেন,V;3;FUT;POL,3e-06,5.217391304347826e-06,d̪ a ɹ a b e n,0,V,3,FUT,POL,,,,,,
দাঁড়ানো,দাঁড়াচ্ছে,V;2;PRS;PROG;POL,1e-06,5.217391304347826e-06,d̪ a ɹ a t͡ʃʰː e,1,V,2,PRS,PROG,POL,,,,,
দাঁড়ানো,দাঁড়ায়,V;2;PRS;POL,2.7e-05,5.217391304347826e-06,d̪ a ɹ a e̯,1,V,2,PRS,POL,,,,,,
দাঁড়ানো,দাঁড়াতো,V;2;PST;HAB;POL,0.0,5.217391304347826e-06,d̪ a ɹ a t̪ o,0,V,2,PST,HAB,POL,,,,,
দাঁড়ানো,দাঁড়িয়েছিলে,V;3;PST;PRF;INFM,0.0,5.217391304347826e-06,d̪ a ɹ i̯ e t͡ʃʰ i l e,1,V,3,PST,PRF,INFM,,,,,
দাঁড়ানো,দাঁড়াবো,V;1;FUT,1e-06,5.217391304347826e-06,d̪ a ɹ a b o,0,V,1,FUT,,,,,,,
দাঁড়ানো,দাঁড়াতিস,V;2;PST;HAB;LGSPEC1,0.0,5.217391304347826e-06,d̪ a ɹ a t̪ i ʃ,4,V,2,PST,HAB,LGSPEC1,,,,,
দাঁড়ানো,দাঁড়াই,V;1;PRS,0.0,5.217391304347826e-06,d̪ a ɹ a i̯,0,V,1,PRS,,,,,,,
দাঁড়ানো,দাঁড়াচ্ছিলি,V;2;PST;PROG;LGSPEC1,0.0,5.217391304347826e-06,d̪ a ɹ a t͡ʃʰː i l i,3,V,2,PST,PROG,LGSPEC1,,,,,
দাঁড়ানো,দাঁড়াবে,V;2;FUT;POL,9e-06,5.217391304347826e-06,d̪ a ɹ a b e,1,V,2,FUT,POL,,,,,,
দাঁড়ানো,দাঁড়ানো,V;V.MSDR,1e-05,5.217391304347826e-06,d̪ a ɹ a n o,1,V,V.MSDR,,,,,,,,
দাঁড়ানো,দাঁড়ালাম,V;1;PST,0.0,5.217391304347826e-06,d̪ a ɹ a l a m,2,V,1,PST,,,,,,,
দাঁড়ানো,দাঁড়ান,V;3;PRS;POL,7e-06,5.217391304347826e-06,d̪ a ɹ a n,4,V,3,PRS,POL,,,,,,
দাঁড়ানো,দাঁড়াতেন,V;3;PST;HAB;POL,0.0,5.217391304347826e-06,d̪ a ɹ a t̪ e n,2,V,3,PST,HAB,POL,,,,,
দাঁড়ানো,দাঁড়িয়েছিলি,V;2;PST;PRF;LGSPEC1,0.0,5.217391304347826e-06,d̪ a ɹ i̯ e t͡ʃʰ i l i,1,V,2,PST,PRF,LGSPEC1,,,,,
দাঁড়ানো,দাঁড়ালে,V;V.PTCP;COND,3e-06,5.217391304347826e-06,d̪ a ɹ a l e,1,V,V.PTCP,COND,,,,,,,
দাঁড়ানো,দাঁড়াচ্ছো,V;3;PRS;PROG;INFM,0.0,5.217391304347826e-06,d̪ a ɹ a t͡ʃʰː o,1,V,3,PRS,PROG,INFM,,,,,
দাঁড়ানো,দাঁড়াতাম,V;1;PST;HAB,0.0,5.217391304347826e-06,d̪ a ɹ a t̪ a m,0,V,1,PST,HAB,,,,,,
দাঁড়ানো,দাঁড়িয়েছে,V;2;PRS;PRF;POL,1.9e-05,5.217391304347826e-06,d̪ a ɹ i̯ e t͡ʃʰ e,1,V,2,PRS,PRF,POL,,,,,
দাঁড়ানো,দাঁড়াচ্ছিলে,V;3;PST;PROG;INFM,0.0,5.217391304347826e-06,d̪ a ɹ a t͡ʃʰː i l e,0,V,3,PST,PROG,INFM,,,,,
দাঁড়ানো,দাঁড়িয়েছিলাম,V;1;PST;PRF,1e-06,5.217391304347826e-06,d̪ a ɹ i̯ e t͡ʃʰ i l a m,3,V,1,PST,PRF,,,,,,
দাঁড়ানো,দাঁড়াস,V;2;PRS;LGSPEC1,0.0,5.217391304347826e-06,d̪ a ɹ a ʃ,0,V,2,PRS,LGSPEC1,,,,,,
জানা,জানলো,V;2;PST;POL,1.2e-05,0.0007501304347826,d͡ʒ a n l o,1,V,2,PST,POL,,,,,,
জানা,জেনেছি,V;1;PRS;PRF,6.1e-05,0.0007501304347826,d͡ʒ e n e t͡ʃʰ i,4,V,1,PRS,PRF,,,,,,
জানা,জানছিলো,V;2;PST;PROG;POL,0.0,0.0007501304347826,d͡ʒ a n t͡ʃʰ i l o,0,V,2,PST,PROG,POL,,,,,
জানা,জানছিস,V;2;PRS;PROG;LGSPEC1,0.0,0.0007501304347826,d͡ʒ a n t͡ʃʰ i ʃ,3,V,2,PRS,PROG,LGSPEC1,,,,,
জানা,জানলে,V;3;PST;INFM,0.000357,0.0007501304347826,d͡ʒ a n l e,1,V,3,PST,INFM,,,,,,
জানা,জানতে,V;V.PTCP;PROG,0.004551,0.0007501304347826,d͡ʒ a n t̪ e,2,V,V.PTCP,PROG,,,,,,,
জানা,জানলেন,V;3;PST;POL,2.4e-05,0.0007501304347826,d͡ʒ a n l e n,3,V,3,PST,POL,,,,,,
জানা,জেনেছেন,V;3;PRS;PRF;POL,2.9e-05,0.0007501304347826,d͡ʒ e n e t͡ʃʰ e n,2,V,3,PRS,PRF,POL,,,,,
জানা,জানবে,V;3;FUT;INFM,5.2e-05,0.0007501304347826,d͡ʒ a n b e,1,V,3,FUT,INFM,,,,,,
জানা,জানলি,V;2;PST;LGSPEC1,0.0,0.0007501304347826,d͡ʒ a n l i,4,V,2,PST,LGSPEC1,,,,,,
জানা,জেনে,V;V.PTCP;HAB,0.004372,0.0007501304347826,d͡ʒ e n e,4,V,V.PTCP,HAB,,,,,,,
জানা,জেনেছিলেন,V;3;PST;PRF;POL,2e-06,0.0007501304347826,d͡ʒ e n e t͡ʃʰ i l e n,0,V,3,PST,PRF,POL,,,,,
জানা,জানো,V;3;PRS;INFM,5.5e-05,0.0007501304347826,d͡ʒ a n o,0,V,3,PRS,INFM,,,,,,
জানা,জেনেছিস,V;2;PRS;PRF;LGSPEC1,0.0,0.0007501304347826,d͡ʒ e n e t͡ʃʰ i ʃ,2,V,2,PRS,PRF,LGSPEC1,,,,,
জানা,জানছিলেন,V;3;PST;PROG;POL,0.0,0.0007501304347826,d͡ʒ a n t͡ʃʰ i l e n,2,V,3,PST,PROG,POL,,,,,
জানা,জানছেন,V;3;PRS;PROG;POL,3e-06,0.0007501304347826,d͡ʒ a n t͡ʃʰ e n,1,V,3,PRS,PROG,POL,,,,,
জানা,জানতে,V;3;PST;HAB;INFM,0.004551,0.0007501304347826,d͡ʒ a n t̪ e,4,V,3,PST,HAB,INFM,,,,,
জানা,জানবি,V;2;FUT;LGSPEC1,0.0,0.0007501304347826,d͡ʒ a n b i,4,V,2,FUT,LGSPEC1,,,,,,
জানা,জানছিলাম,V;1;PST;PROG,0.0,0.0007501304347826,d͡ʒ a n t͡ʃʰ i l a m,4,V,1,PST,PROG,,,,,,
জানা,জানছি,V;1;PRS;PROG,2e-06,0.0007501304347826,d͡ʒ a n t͡ʃʰ i,3,V,1,PRS,PROG,,,,,,
জানা,জেনেছিলো,V;2;PST;PRF;POL,0.0,0.0007501304347826,d͡ʒ e n e t͡ʃʰ i l o,4,V,2,PST,PRF,POL,,,,,
জানা,জেনে,V;V.PTCP;PRF,0.004372,0.0007501304347826,d͡ʒ e n e,3,V,V.PTCP,PRF,,,,,,,
জানা,জানতে,V;V.NFIN,0.004551,0.0007501304347826,d͡ʒ a n t̪ e,0,V,V.NFIN,,,,,,,,
জানা,জেনেছো,V;3;PRS;PRF;INFM,2e-06,0.0007501304347826,d͡ʒ e n e t͡ʃʰ o,1,V,3,PRS,PRF,INFM,,,,,
জানা,জানবেন,V;3;FUT;POL,5.8e-05,0.0007501304347826,d͡ʒ a n b e n,3,V,3,FUT,POL,,,,,,
জানা,জানছে,V;2;PRS;PROG;POL,6e-06,0.0007501304347826,d͡ʒ a n t͡ʃʰ e,0,V,2,PRS,PROG,POL,,,,,
জানা,জানে,V;2;PRS;POL,0.000685,0.0007501304347826,d͡ʒ a n e,4,V,2,PRS,POL,,,,,,
জানা,জানতো,V;2;PST;HAB;POL,4.6e-05,0.0007501304347826,d͡ʒ a n o t̪ o,2,V,2,PST,HAB,POL,,,,,
জানা,জেনেছিলে,V;3;PST;PRF;INFM,0.0,0.0007501304347826,d͡ʒ e n e t͡ʃʰ i l e,4,V,3,PST,PRF,INFM,,,,,
জানা,জানবো,V;1;FUT,3.4e-05,0.0007501304347826,d͡ʒ a n b o,0,V,1,FUT,,,,,,,
জানা,জানতিস,V;2;PST;HAB;LGSPEC1,0.0,0.0007501304347826,d͡ʒ a n t̪ i ʃ,0,V,2,PST,HAB,LGSPEC1,,,,,
জানা,জানি,V;1;PRS,0.00174,0.0007501304347826,d͡ʒ a n i,2,V,1,PRS,,,,,,,
জানা,জানছিলি,V;2;PST;PROG;LGSPEC1,0.0,0.0007501304347826,d͡ʒ a n t͡ʃʰ i l i,3,V,2,PST,PROG,LGSPEC1,,,,,
জানা,জানবে,V;2;FUT;POL,5.2e-05,0.0007501304347826,d͡ʒ a n b e,3,V,2,FUT,POL,,,,,,
জানা,জানা,V;V.MSDR,0.006434,0.0007501304347826,d͡ʒ a n a,2,V,V.MSDR,,,,,,,,
জানা,জানলাম,V;1;PST,7.2e-05,0.0007501304347826,d͡ʒ a n l a m,2,V,1,PST,,,,,,,
জানা,জানেন,V;3;PRS;POL,0.00174,0.0007501304347826,d͡ʒ a n e n,0,V,3,PRS,POL,,,,,,
জানা,জানতেন,V;3;PST;HAB;POL,0.000114,0.0007501304347826,d͡ʒ a n t̪ e n,3,V,3,PST,HAB,POL,,,,,
জানা,জেনেছিলি,V;2;PST;PRF;LGSPEC1,0.0,0.0007501304347826,d͡ʒ e n e t͡ʃʰ i l i,1,V,2,PST,PRF,LGSPEC1,,,,,
জানা,জানলে,V;V.PTCP;COND,0.000357,0.0007501304347826,d͡ʒ a n l e,1,V,V.PTCP,COND,,,,,,,
জানা,জানছো,V;3;PRS;PROG;INFM,0.0,0.0007501304347826,d͡ʒ a n t͡ʃʰ o,1,V,3,PRS,PROG,INFM,,,,,
জানা,জানতাম,V;1;PST;HAB,0.000144,0.0007501304347826,d͡ʒ a n t̪ a m,4,V,1,PST,HAB,,,,,,
জানা,জেনেছে,V;2;PRS;PRF;POL,8e-06,0.0007501304347826,d͡ʒ e n e t͡ʃʰ e,1,V,2,PRS,PRF,POL,,,,,
জানা,জানছিলে,V;3;PST;PROG;INFM,0.0,0.0007501304347826,d͡ʒ a n t͡ʃʰ i l e,4,V,3,PST,PROG,INFM,,,,,
জানা,জেনেছিলাম,V;1;PST;PRF,9e-06,0.0007501304347826,d͡ʒ e n e t͡ʃʰ i l a m,0,V,1,PST,PRF,,,,,,
জানা,জানিস,V;2;PRS;LGSPEC1,1.1e-05,0.0007501304347826,d͡ʒ a n i ʃ,4,V,2,PRS,LGSPEC1,,,,,,
ভাবা,ভাবলো,V;2;PST;POL,1.2e-05,0.0002439782608695,bʱ a b l o,2,V,2,PST,POL,,,,,,
ভাবা,ভেবেছি,V;1;PRS;PRF,2.2e-05,0.0002439782608695,bʱ e b e t͡ʃʰ i,2,V,1,PRS,PRF,,,,,,
ভাবা,ভাবছিলো,V;2;PST;PROG;POL,0.0,0.0002439782608695,bʱ a b t͡ʃʰ i l o,1,V,2,PST,PROG,POL,,,,,
ভাবা,ভাবছিস,V;2;PRS;PROG;LGSPEC1,0.0,0.0002439782608695,bʱ a b t͡ʃʰ i ʃ,4,V,2,PRS,PROG,LGSPEC1,,,,,
ভাবা,ভাবলে,V;3;PST;INFM,5.4e-05,0.0002439782608695,bʱ a b l e,0,V,3,PST,INFM,,,,,,
ভাবা,ভাবতে,V;V.PTCP;PROG,0.000567,0.0002439782608695,bʱ a b t̪ e,2,V,V.PTCP,PROG,,,,,,,
ভাবা,ভাবলেন,V;3;PST;POL,5e-05,0.0002439782608695,bʱ a b l e n,3,V,3,PST,POL,,,,,,
ভাবা,ভেবেছেন,V;3;PRS;PRF;POL,5e-05,0.0002439782608695,bʱ e b e t͡ʃʰ e n,1,V,3,PRS,PRF,POL,,,,,
ভাবা,ভাববে,V;3;FUT;INFM,3.4e-05,0.0002439782608695,bʱ a b b e,3,V,3,FUT,INFM,,,,,,
ভাবা,ভাবলি,V;2;PST;LGSPEC1,0.0,0.0002439782608695,bʱ a b l i,2,V,2,PST,LGSPEC1,,,,,,
ভাবা,ভেবে,V;V.PTCP;HAB,0.000896,0.0002439782608695,bʱ e b e,3,V,V.PTCP,HAB,,,,,,,
ভাবা,ভেবেছিলেন,V;3;PST;PRF;POL,4e-05,0.0002439782608695,bʱ e b e t͡ʃʰ i l e n,4,V,3,PST,PRF,POL,,,,,
ভাবা,ভাবো,V;3;PRS;INFM,5e-06,0.0002439782608695,bʱ a b o,4,V,3,PRS,INFM,,,,,,
ভাবা,ভেবেছিস,V;2;PRS;PRF;LGSPEC1,0.0,0.0002439782608695,bʱ e b e t͡ʃʰ i ʃ,0,V,2,PRS,PRF,LGSPEC1,,,,,
ভাবা,ভাবছিলেন,V;3;PST;PROG;POL,9e-06,0.0002439782608695,bʱ a b t͡ʃʰ i l e n,4,V,3,PST,PROG,POL,,,,,
ভাবা,ভাবছেন,V;3;PRS;PROG;POL,0.000342,0.0002439782608695,bʱ a b t͡ʃʰ e n,0,V,3,PRS,PROG,POL,,,,,
ভাবা,ভাবতে,V;3;PST;HAB;INFM,0.000567,0.0002439782608695,bʱ a b t̪ e,4,V,3,PST,HAB,INFM,,,,,
ভাবা,ভাববি,V;2;FUT;LGSPEC1,0.0,0.0002439782608695,bʱ a b b i,2,V,2,FUT,LGSPEC1,,,,,,
ভাবা,ভাবছিলাম,V;1;PST;PROG,4.1e-05,0.0002439782608695,bʱ a b t͡ʃʰ i l a m,4,V,1,PST,PROG,,,,,,
ভাবা,ভাবছি,V;1;PRS;PROG,8.3e-05,0.0002439782608695,bʱ a b t͡ʃʰ i,4,V,1,PRS,PROG,,,,,,
ভাবা,ভেবেছিলো,V;2;PST;PRF;POL,4e-06,0.0002439782608695,bʱ e b e t͡ʃʰ i l o,1,V,2,PST,PRF,POL,,,,,
ভাবা,ভেবে,V;V.PTCP;PRF,0.000896,0.0002439782608695,bʱ e b e,0,V,V.PTCP,PRF,,,,,,,
ভাবা,ভাবতে,V;V.NFIN,0.000567,0.0002439782608695,bʱ a b t̪ e,3,V,V.NFIN,,,,,,,,
ভাবা,ভেবেছো,V;3;PRS;PRF;INFM,4e-06,0.0002439782608695,bʱ e b e t͡ʃʰ o,1,V,3,PRS,PRF,INFM,,,,,
ভাবা,ভাববেন,V;3;FUT;POL,7.5e-05,0.0002439782608695,bʱ a b b e n,1,V,3,FUT,POL,,,,,,
ভাবা,ভাবছে,V;2;PRS;PROG;POL,7.3e-05,0.0002439782608695,bʱ a b t͡ʃʰ e,1,V,2,PRS,PROG,POL,,,,,
ভাবা,ভাবে,V;2;PRS;POL,0.005922,0.0002439782608695,bʱ a b e,3,V,2,PRS,POL,,,,,,
ভাবা,ভাবতো,V;2;PST;HAB;POL,9e-06,0.0002439782608695,bʱ a b o t̪ o,3,V,2,PST,HAB,POL,,,,,
ভাবা,ভেবেছিলে,V;3;PST;PRF;INFM,0.0,0.0002439782608695,bʱ e b e t͡ʃʰ i l e,1,V,3,PST,PRF,INFM,,,,,
ভাবা,ভাববো,V;1;FUT,2e-06,0.0002439782608695,bʱ a b b o,1,V,1,FUT,,,,,,,
ভাবা,ভাবতিস,V;2;PST;HAB;LGSPEC1,0.0,0.0002439782608695,bʱ a b t̪ i ʃ,1,V,2,PST,HAB,LGSPEC1,,,,,
ভাবা,ভাবি,V;1;PRS,0.000109,0.0002439782608695,bʱ a b i,3,V,1,PRS,,,,,,,
ভাবা,ভাবছিলি,V;2;PST;PROG;LGSPEC1,0.0,0.0002439782608695,bʱ a b t͡ʃʰ i l i,1,V,2,PST,PROG,LGSPEC1,,,,,
ভাবা,ভাববে,V;2;FUT;POL,3.4e-05,0.0002439782608695,bʱ a b b e,0,V,2,FUT,POL,,,,,,
ভাবা,ভাবা,V;V.MSDR,0.00017,0.0002439782608695,bʱ a b a,1,V,V.MSDR,,,,,,,,
ভাবা,ভাবলাম,V;1;PST,0.000179,0.0002439782608695,bʱ a b l a m,4,V,1,PST,,,,,,,
ভাবা,ভাবেন,V;3;PRS;POL,0.000198,0.0002439782608695,bʱ a b e n,1,V,3,PRS,POL,,,,,,
ভাবা,ভাবতেন,V;3;PST;HAB;POL,2.7e-05,0.0002439782608695,bʱ a b t̪ e n,1,V,3,PST,HAB,POL,,,,,
ভাবা,ভেবেছিলি,V;2;PST;PRF;LGSPEC1,0.0,0.0002439782608695,bʱ e b e t͡ʃʰ i l i,1,V,2,PST,PRF,LGSPEC1,,,,,
ভাবা,ভাবলে,V;V.PTCP;COND,5.4e-05,0.0002439782608695,bʱ a b l e,0,V,V.PTCP,COND,,,,,,,
ভাবা,ভাবছো,V;3;PRS;PROG;INFM,3e-06,0.0002439782608695,bʱ a b s o,1,V,3,PRS,PROG,INFM,,,,,
ভাবা,ভাবতাম,V;1;PST;HAB,3.1e-05,0.0002439782608695,bʱ a b t̪ a m,3,V,1,PST,HAB,,,,,,
ভাবা,ভেবেছে,V;2;PRS;PRF;POL,1.6e-05,0.0002439782608695,bʱ e b e t͡ʃʰ e,0,V,2,PRS,PRF,POL,,,,,
ভাবা,ভাবছিলে,V;3;PST;PROG;INFM,0.0,0.0002439782608695,bʱ a b t͡ʃʰ i l e,1,V,3,PST,PROG,INFM,,,,,
ভাবা,ভেবেছিলাম,V;1;PST;PRF,7.8e-05,0.0002439782608695,bʱ e b e t͡ʃʰ i l a m,3,V,1,PST,PRF,,,,,,
ভাবা,ভাবিস,V;2;PRS;LGSPEC1,0.0,0.0002439782608695,bʱ a b i ʃ,1,V,2,PRS,LGSPEC1,,,,,,
চাখা,চাখলো,V;2;PST;POL,0.0,6.08695652173913e-07,t͡ʃ a kʰ l o,1,V,2,PST,POL,,,,,,
চাখা,চেখেছি,V;1;PRS;PRF,0.0,6.08695652173913e-07,t͡ʃ e kʰ e t͡ʃʰ i,4,V,1,PRS,PRF,,,,,,
চাখা,চাখছিলো,V;2;PST;PROG;POL,0.0,6.08695652173913e-07,t͡ʃ a kʰ t͡ʃʰ i l o,2,V,2,PST,PROG,POL,,,,,
চাখা,চাখছিস,V;2;PRS;PROG;LGSPEC1,0.0,6.08695652173913e-07,t͡ʃ a kʰ t͡ʃʰ i ʃ,3,V,2,PRS,PROG,LGSPEC1,,,,,
চাখা,চাখলে,V;3;PST;INFM,0.0,6.08695652173913e-07,t͡ʃ a kʰ l e,4,V,3,PST,INFM,,,,,,
চাখা,চাখতে,V;V.PTCP;PROG,0.0,6.08695652173913e-07,t͡ʃ a kʰ t̪ e,1,V,V.PTCP,PROG,,,,,,,
চাখা,চাখলেন,V;3;PST;POL,0.0,6.08695652173913e-07,t͡ʃ a kʰ l e n,0,V,3,PST,POL,,,,,,
চাখা,চেখেছেন,V;3;PRS;PRF;POL,0.0,6.08695652173913e-07,t͡ʃ e kʰ e t͡ʃʰ e n,1,V,3,PRS,PRF,POL,,,,,
চাখা,চাখবে,V;3;FUT;INFM,0.0,6.08695652173913e-07,t͡ʃ a kʰ b e,0,V,3,FUT,INFM,,,,,,
চাখা,চাখলি,V;2;PST;LGSPEC1,0.0,6.08695652173913e-07,t͡ʃ a kʰ l i,4,V,2,PST,LGSPEC1,,,,,,
চাখা,চেখে,V;V.PTCP;HAB,1.4e-05,6.08695652173913e-07,t͡ʃ e kʰ e,1,V,V.PTCP,HAB,,,,,,,
চাখা,চেখেছিলেন,V;3;PST;PRF;POL,0.0,6.08695652173913e-07,t͡ʃ e kʰ e t͡ʃʰ i l e n,3,V,3,PST,PRF,POL,,,,,
চাখা,চাখো,V;3;PRS;INFM,0.0,6.08695652173913e-07,t͡ʃ a kʰ o,4,V,3,PRS,INFM,,,,,,
চাখা,চেখেছিস,V;2;PRS;PRF;LGSPEC1,0.0,6.08695652173913e-07,t͡ʃ e kʰ e t͡ʃʰ i ʃ,2,V,2,PRS,PRF,LGSPEC1,,,,,
চাখা,চাখছিলেন,V;3;PST;PROG;POL,0.0,6.08695652173913e-07,t͡ʃ a kʰ t͡ʃʰ i l e n,3,V,3,PST,PROG,POL,,,,,
চাখা,চাখছেন,V;3;PRS;PROG;POL,0.0,6.08695652173913e-07,t͡ʃ a kʰ t͡ʃʰ e n,4,V,3,PRS,PROG,POL,,,,,
চাখা,চাখতে,V;3;PST;HAB;INFM,0.0,6.08695652173913e-07,t͡ʃ a kʰ t̪ e,1,V,3,PST,HAB,INFM,,,,,
চাখা,চাখবি,V;2;FUT;LGSPEC1,0.0,6.08695652173913e-07,t͡ʃ a kʰ b i,0,V,2,FUT,LGSPEC1,,,,,,
চাখা,চাখছিলাম,V;1;PST;PROG,0.0,6.08695652173913e-07,t͡ʃ a kʰ t͡ʃʰ i l a m,4,V,1,PST,PROG,,,,,,
চাখা,চাখছি,V;1;PRS;PROG,0.0,6.08695652173913e-07,t͡ʃ a kʰ t͡ʃʰ i,2,V,1,PRS,PROG,,,,,,
চাখা,চেখেছিলো,V;2;PST;PRF;POL,0.0,6.08695652173913e-07,t͡ʃ e kʰ e t͡ʃʰ i l o,4,V,2,PST,PRF,POL,,,,,
চাখা,চেখে,V;V.PTCP;PRF,1.4e-05,6.08695652173913e-07,t͡ʃ e kʰ e,3,V,V.PTCP,PRF,,,,,,,
চাখা,চাখতে,V;V.NFIN,0.0,6.08695652173913e-07,t͡ʃ a kʰ t̪ e,3,V,V.NFIN,,,,,,,,
চাখা,চেখেছো,V;3;PRS;PRF;INFM,0.0,6.08695652173913e-07,t͡ʃ e kʰ e t͡ʃʰ o,1,V,3,PRS,PRF,INFM,,,,,
চাখা,চাখবেন,V;3;FUT;POL,0.0,6.08695652173913e-07,t͡ʃ a kʰ b e n,3,V,3,FUT,POL,,,,,,
চাখা,চাখছে,V;2;PRS;PROG;POL,0.0,6.08695652173913e-07,t͡ʃ a kʰ t͡ʃʰ e,3,V,2,PRS,PROG,POL,,,,,
চাখা,চাখে,V;2;PRS;POL,0.0,6.08695652173913e-07,t͡ʃ a kʰ e,3,V,2,PRS,POL,,,,,,
চাখা,চাখতো,V;2;PST;HAB;POL,0.0,6.08695652173913e-07,t͡ʃ a kʰ t̪ o,3,V,2,PST,HAB,POL,,,,,
চাখা,চেখেছিলে,V;3;PST;PRF;INFM,0.0,6.08695652173913e-07,t͡ʃ e kʰ e t͡ʃʰ i l e,3,V,3,PST,PRF,INFM,,,,,
চাখা,চাখবো,V;1;FUT,0.0,6.08695652173913e-07,t͡ʃ a kʰ b o,4,V,1,FUT,,,,,,,
চাখা,চাখতিস,V;2;PST;HAB;LGSPEC1,0.0,6.08695652173913e-07,t͡ʃ a kʰ t̪ i ʃ,1,V,2,PST,HAB,LGSPEC1,,,,,
চাখা,চাখি,V;1;PRS,0.0,6.08695652173913e-07,t͡ʃ a kʰ i,2,V,1,PRS,,,,,,,
চাখা,চাখছিলি,V;2;PST;PROG;LGSPEC1,0.0,6.08695652173913e-07,t͡ʃ a kʰ t͡ʃʰ i l i,0,V,2,PST,PROG,LGSPEC1,,,,,
চাখা,চাখবে,V;2;FUT;POL,0.0,6.08695652173913e-07,t͡ʃ a kʰ b e,4,V,2,FUT,POL,,,,,,
চাখা,চাখা,V;V.MSDR,0.0,6.08695652173913e-07,t͡ʃ a kʰ a,0,V,V.MSDR,,,,,,,,
চাখা,চাখলাম,V;1;PST,0.0,6.08695652173913e-07,t͡ʃ a kʰ l a m,3,V,1,PST,,,,,,,
চাখা,চাখেন,V;3;PRS;POL,0.0,6.08695652173913e-07,t͡ʃ a kʰ e n,4,V,3,PRS,POL,,,,,,
চাখা,চাখতেন,V;3;PST;HAB;POL,0.0,6.08695652173913e-07,t͡ʃ a kʰ t̪ e n,2,V,3,PST,HAB,POL,,,,,
চাখা,চেখেছিলি,V;2;PST;PRF;LGSPEC1,0.0,6.08695652173913e-07,t͡ʃ e kʰ e t͡ʃʰ i l i,2,V,2,PST,PRF,LGSPEC1,,,,,
চাখা,চাখলে,V;V.PTCP;COND,0.0,6.08695652173913e-07,t͡ʃ a kʰ l e,1,V,V.PTCP,COND,,,,,,,
চাখা,চাখছো,V;3;PRS;PROG;INFM,0.0,6.08695652173913e-07,t͡ʃ a kʰ s o,1,V,3,PRS,PROG,INFM,,,,,
চাখা,চাখতাম,V;1;PST;HAB,0.0,6.08695652173913e-07,t͡ʃ a kʰ t̪ a m,2,V,1,PST,HAB,,,,,,
চাখা,চেখেছে,V;2;PRS;PRF;POL,0.0,6.08695652173913e-07,t͡ʃ e kʰ e t͡ʃʰ e,0,V,2,PRS,PRF,POL,,,,,
চাখা,চাখছিলে,V;3;PST;PROG;INFM,0.0,6.08695652173913e-07,t͡ʃ a kʰ t͡ʃʰ i l e,1,V,3,PST,PROG,INFM,,,,,
চাখা,চেখেছিলাম,V;1;PST;PRF,0.0,6.08695652173913e-07,t͡ʃ e kʰ e t͡ʃʰ i l a m,0,V,1,PST,PRF,,,,,,
চাখা,চাখিস,V;2;PRS;LGSPEC1,0.0,6.08695652173913e-07,t͡ʃ a kʰ i ʃ,4,V,2,PRS,LGSPEC1,,,,,,
দেখা,দেখলো,V;2;PST;POL,3.4e-05,0.0011859782608695,d̪ e kʰ l o,1,V,2,PST,POL,,,,,,
দেখা,দেখেছি,V;1;PRS;PRF,0.000443,0.0011859782608695,d̪ e kʰ e t͡ʃʰ i,1,V,1,PRS,PRF,,,,,,
দেখা,দেখছিলো,V;2;PST;PROG;POL,2e-06,0.0011859782608695,d̪ e kʰ s i l o,0,V,2,PST,PROG,POL,,,,,
দেখা,দেখছিস,V;2;PRS;PROG;LGSPEC1,1e-06,0.0011859782608695,d̪ e kʰ s i ʃ,4,V,2,PRS,PROG,LGSPEC1,,,,,
দেখা,দেখলে,V;3;PST;INFM,0.000777,0.0011859782608695,d̪ e kʰ l e,2,V,3,PST,INFM,,,,,,
দেখা,দেখতে,V;V.PTCP;PROG,0.005884,0.0011859782608695,d̪ e kʰ t̪ e,0,V,V.PTCP,PROG,,,,,,,
দেখা,দেখলেন,V;3;PST;POL,0.000187,0.0011859782608695,d̪ e kʰ l e n,1,V,3,PST,POL,,,,,,
দেখা,দেখেছেন,V;3;PRS;PRF;POL,0.000348,0.0011859782608695,d̪ e kʰ e t͡ʃʰ e n,3,V,3,PRS,PRF,POL,,,,,
দেখা,দেখবে,V;3;FUT;INFM,0.000181,0.0011859782608695,d̪ e kʰ b e,4,V,3,FUT,INFM,,,,,,
দেখা,দেখলি,V;2;PST;LGSPEC1,0.0,0.0011859782608695,d̪ e kʰ l i,4,V,2,PST,LGSPEC1,,,,,,
দেখা,দেখে,V;V.PTCP;HAB,0.005758,0.0011859782608695,d̪ e kʰ e,0,V,V.PTCP,HAB,,,,,,,
দেখা,দেখেছিলেন,V;3;PST;PRF;POL,4.6e-05,0.0011859782608695,d̪ e kʰ e t͡ʃʰ i l e n,3,V,3,PST,PRF,POL,,,,,
দেখা,দেখো,V;3;PRS;INFM,5.6e-05,0.0011859782608695,d̪ e kʰ o,4,V,3,PRS,INFM,,,,,,
দেখা,দেখেছিস,V;2;PRS;PRF;LGSPEC1,4e-06,0.0011859782608695,d̪ e kʰ e t͡ʃʰ i ʃ,3,V,2,PRS,PRF,LGSPEC1,,,,,
দেখা,দেখছিলেন,V;3;PST;PROG;POL,1.2e-05,0.0011859782608695,d̪ e kʰ t͡ʃʰ i l e n,3,V,3,PST,PROG,POL,,,,,
দেখা,দেখছেন,V;3;PRS;PROG;POL,0.000201,0.0011859782608695,d̪ e kʰ t͡ʃʰ e n,4,V,3,PRS,PROG,POL,,,,,
দেখা,দেখতে,V;3;PST;HAB;INFM,0.005884,0.0011859782608695,d̪ e kʰ t̪ e,3,V,3,PST,HAB,INFM,,,,,
দেখা,দেখবি,V;2;FUT;LGSPEC1,5e-06,0.0011859782608695,d̪ e kʰ b i,4,V,2,FUT,LGSPEC1,,,,,,
দেখা,দেখছিলাম,V;1;PST;PROG,1e-05,0.0011859782608695,d̪ e kʰ t͡ʃʰ i l a m,0,V,1,PST,PROG,,,,,,
দেখা,দেখছি,V;1;PRS;PROG,0.000217,0.0011859782608695,d̪ e kʰ s i,4,V,1,PRS,PROG,,,,,,
দেখা,দেখেছিলো,V;2;PST;PRF;POL,9e-06,0.0011859782608695,d̪ e kʰ e t͡ʃʰ i l o,1,V,2,PST,PRF,POL,,,,,
দেখা,দেখে,V;V.PTCP;PRF,0.005758,0.0011859782608695,d̪ e kʰ e,4,V,V.PTCP,PRF,,,,,,,
দেখা,দেখতে,V;V.NFIN,0.005884,0.0011859782608695,d̪ e kʰ t̪ e,0,V,V.NFIN,,,,,,,,
দেখা,দেখেছো,V;3;PRS;PRF;INFM,3e-06,0.0011859782608695,d̪ e kʰ e t͡ʃʰ o,0,V,3,PRS,PRF,INFM,,,,,
দেখা,দেখবেন,V;3;FUT;POL,0.001191,0.0011859782608695,d̪ e kʰ b e n,0,V,3,FUT,POL,,,,,,
দেখা,দেখছে,V;2;PRS;PROG;POL,0.000113,0.0011859782608695,d̪ e kʰ t͡ʃʰ e,0,V,2,PRS,PROG,POL,,,,,
দেখা,দেখে,V;2;PRS;POL,0.005758,0.0011859782608695,d̪ e kʰ e,2,V,2,PRS,POL,,,,,,
দেখা,দেখতো,V;2;PST;HAB;POL,8e-06,0.0011859782608695,d̪ e kʰ t̪ o,2,V,2,PST,HAB,POL,,,,,
দেখা,দেখেছিলে,V;3;PST;PRF;INFM,0.0,0.0011859782608695,d̪ e kʰ e t͡ʃʰ i l e,2,V,3,PST,PRF,INFM,,,,,
দেখা,দেখবো,V;1;FUT,9.1e-05,0.0011859782608695,d̪ e kʰ b o,2,V,1,FUT,,,,,,,
দেখা,দেখতিস,V;2;PST;HAB;LGSPEC1,0.0,0.0011859782608695,d̪ e kʰ t̪ i ʃ,3,V,2,PST,HAB,LGSPEC1,,,,,
দেখা,দেখি,V;1;PRS,0.001158,0.0011859782608695,d̪ e kʰ i,1,V,1,PRS,,,,,,,
দেখা,দেখছিলি,V;2;PST;PROG;LGSPEC1,0.0,0.0011859782608695,d̪ e kʰ t͡ʃʰ i l i,2,V,2,PST,PROG,LGSPEC1,,,,,
দেখা,দেখবে,V;2;FUT;POL,0.000181,0.0011859782608695,d̪ e kʰ b e,3,V,2,FUT,POL,,,,,,
দেখা,দেখা,V;V.MSDR,0.012192,0.0011859782608695,d̪ e kʰ a,0,V,V.MSDR,,,,,,,,
দেখা,দেখলাম,V;1;PST,0.000428,0.0011859782608695,d̪ e kʰ l a m,4,V,1,PST,,,,,,,
দেখা,দেখেন,V;3;PRS;POL,0.000731,0.0011859782608695,d̪ e kʰ e n,0,V,3,PRS,POL,,,,,,
দেখা,দেখতেন,V;3;PST;HAB;POL,4.7e-05,0.0011859782608695,d̪ e kʰ t̪ e n,1,V,3,PST,HAB,POL,,,,,
দেখা,দেখেছিলি,V;2;PST;PRF;LGSPEC1,0.0,0.0011859782608695,d̪ e kʰ e t͡ʃʰ i l i,1,V,2,PST,PRF,LGSPEC1,,,,,
দেখা,দেখলে,V;V.PTCP;COND,0.000777,0.0011859782608695,d̪ e kʰ l e,1,V,V.PTCP,COND,,,,,,,
দেখা,দেখছো,V;3;PRS;PROG;INFM,3e-06,0.0011859782608695,d̪ e kʰ s o,4,V,3,PRS,PROG,INFM,,,,,
দেখা,দেখতাম,V;1;PST;HAB,4.1e-05,0.0011859782608695,d̪ e kʰ t̪ a m,1,V,1,PST,HAB,,,,,,
দেখা,দেখেছে,V;2;PRS;PRF;POL,8.2e-05,0.0011859782608695,d̪ e kʰ e t͡ʃʰ e,4,V,2,PRS,PRF,POL,,,,,
দেখা,দেখছিলে,V;3;PST;PROG;INFM,0.0,0.0011859782608695,d̪ e kʰ t͡ʃʰ i l e,4,V,3,PST,PROG,INFM,,,,,
দেখা,দেখেছিলাম,V;1;PST;PRF,4.5e-05,0.0011859782608695,d̪ e kʰ e t͡ʃʰ i l a m,4,V,1,PST,PRF,,,,,,
দেখা,দেখিস,V;2;PRS;LGSPEC1,5e-06,0.0011859782608695,d̪ e kʰ i ʃ,1,V,2,PRS,LGSPEC1,,,,,,
কেনা,কিনলো,V;2;PST;POL,3e-06,0.0001779347826086,k i n l o,4,V,2,PST,POL,,,,,,
কেনা,কিনেছি,V;1;PRS;PRF,3.4e-05,0.0001779347826086,k i n e t͡ʃʰ i,0,V,1,PRS,PRF,,,,,,
কেনা,কিনছিলো,V;2;PST;PROG;POL,1e-06,0.0001779347826086,k i n t͡ʃʰ i l o,0,V,2,PST,PROG,POL,,,,,
কেনা,কিনছিস,V;2;PRS;PROG;LGSPEC1,0.0,0.0001779347826086,k i n t͡ʃʰ i ʃ,0,V,2,PRS,PROG,LGSPEC1,,,,,
কেনা,কিনলে,V;3;PST;INFM,0.000231,0.0001779347826086,k i n l e,0,V,3,PST,INFM,,,,,,
কেনা,কিনতে,V;V.PTCP;PROG,0.001335,0.0001779347826086,k i n t̪ e,2,V,V.PTCP,PROG,,,,,,,
কেনা,কিনলেন,V;3;PST;POL,8e-06,0.0001779347826086,k i n l e n,1,V,3,PST,POL,,,,,,
কেনা,কিনেছেন,V;3;PRS;PRF;POL,5.2e-05,0.0001779347826086,k i n e t͡ʃʰ e n,4,V,3,PRS,PRF,POL,,,,,
কেনা,কিনবে,V;3;FUT;INFM,4.5e-05,0.0001779347826086,k i n b e,4,V,3,FUT,INFM,,,,,,
কেনা,কিনলি,V;2;PST;LGSPEC1,1e-06,0.0001779347826086,k i n l i,3,V,2,PST,LGSPEC1,,,,,,
কেনা,কিনে,V;V.PTCP;HAB,0.001141,0.0001779347826086,k i n e,2,V,V.PTCP,HAB,,,,,,,
কেনা,কিনেছিলেন,V;3;PST;PRF;POL,1.3e-05,0.0001779347826086,k i n e t͡ʃʰ i l e n,4,V,3,PST,PRF,POL,,,,,
কেনা,কেনো,V;3;PRS;INFM,0.000181,0.0001779347826086,k e n o,3,V,3,PRS,INFM,,,,,,
কেনা,কিনেছিস,V;2;PRS;PRF;LGSPEC1,0.0,0.0001779347826086,k i n e t͡ʃʰ i ʃ,2,V,2,PRS,PRF,LGSPEC1,,,,,
কেনা,কিনছিলেন,V;3;PST;PROG;POL,0.0,0.0001779347826086,k i n t͡ʃʰ i l e n,2,V,3,PST,PROG,POL,,,,,
কেনা,কিনছেন,V;3;PRS;PROG;POL,3.3e-05,0.0001779347826086,k i n t͡ʃʰ e n,0,V,3,PRS,PROG,POL,,,,,
কেনা,কিনতে,V;3;PST;HAB;INFM,0.001335,0.0001779347826086,k i n t̪ e,4,V,3,PST,HAB,INFM,,,,,
কেনা,কিনবি,V;2;FUT;LGSPEC1,0.0,0.0001779347826086,k i n b i,1,V,2,FUT,LGSPEC1,,,,,,
কেনা,কিনছিলাম,V;1;PST;PROG,0.0,0.0001779347826086,k i n t͡ʃʰ i l a m,1,V,1,PST,PROG,,,,,,
কেনা,কিনছি,V;1;PRS;PROG,7e-06,0.0001779347826086,k i n t͡ʃʰ i,0,V,1,PRS,PROG,,,,,,
কেনা,কিনেছিলো,V;2;PST;PRF;POL,0.0,0.0001779347826086,k i n e t͡ʃʰ i l o,3,V,2,PST,PRF,POL,,,,,
কেনা,কিনে,V;V.PTCP;PRF,0.001141,0.0001779347826086,k i n e,1,V,V.PTCP,PRF,,,,,,,
কেনা,কিনতে,V;V.NFIN,0.001335,0.0001779347826086,k i n t̪ e,2,V,V.NFIN,,,,,,,,
কেনা,কিনেছো,V;3;PRS;PRF;INFM,0.0,0.0001779347826086,k i n e t͡ʃʰ o,1,V,3,PRS,PRF,INFM,,,,,
কেনা,কিনবেন,V;3;FUT;POL,0.000225,0.0001779347826086,k i n b e n,0,V,3,FUT,POL,,,,,,
কেনা,কিনছে,V;2;PRS;PROG;POL,2.5e-05,0.0001779347826086,k i n s e,4,V,2,PRS,PROG,POL,,,,,
কেনা,কেনে,V;2;PRS;POL,2.5e-05,0.0001779347826086,k e n e,3,V,2,PRS,POL,,,,,,
কেনা,কিনতো,V;2;PST;HAB;POL,2e-06,0.0001779347826086,k i n o t̪ o,1,V,2,PST,HAB,POL,,,,,
কেনা,কিনেছিলে,V;3;PST;PRF;INFM,0.0,0.0001779347826086,k i n e t͡ʃʰ i l e,3,V,3,PST,PRF,INFM,,,,,
কেনা,কিনবো,V;1;FUT,1.7e-05,0.0001779347826086,k i n b o,0,V,1,FUT,,,,,,,
কেনা,কিনতিস,V;2;PST;HAB;LGSPEC1,0.0,0.0001779347826086,k i n t̪ i ʃ,3,V,2,PST,HAB,LGSPEC1,,,,,
কেনা,কিনি,V;1;PRS,3.7e-05,0.0001779347826086,k i n i,1,V,1,PRS,,,,,,,
কেনা,কিনছিলি,V;2;PST;PROG;LGSPEC1,0.0,0.0001779347826086,k i n t͡ʃʰ i l i,1,V,2,PST,PROG,LGSPEC1,,,,,
কেনা,কিনবে,V;2;FUT;POL,4.5e-05,0.0001779347826086,k i n b e,0,V,2,FUT,POL,,,,,,
কেনা,কেনা,V;V.MSDR,0.000574,0.0001779347826086,k e n a,3,V,V.MSDR,,,,,,,,
কেনা,কিনলাম,V;1;PST,1.2e-05,0.0001779347826086,k i n l a m,2,V,1,PST,,,,,,,
কেনা,কেনেন,V;3;PRS;POL,3.4e-05,0.0001779347826086,k e n e n,3,V,3,PRS,POL,,,,,,
কেনা,কিনতেন,V;3;PST;HAB;POL,2e-06,0.0001779347826086,k i n t̪ e n,2,V,3,PST,HAB,POL,,,,,
কেনা,কিনেছিলি,V;2;PST;PRF;LGSPEC1,0.0,0.0001779347826086,k i n e t͡ʃʰ i l i,3,V,2,PST,PRF,LGSPEC1,,,,,
কেনা,কিনলে,V;V.PTCP;COND,0.000231,0.0001779347826086,k i n l e,0,V,V.PTCP,COND,,,,,,,
কেনা,কিনছো,V;3;PRS;PROG;INFM,0.0,0.0001779347826086,k i n s o,2,V,3,PRS,PROG,INFM,,,,,
কেনা,কিনতাম,V;1;PST;HAB,7e-06,0.0001779347826086,k i n t̪ a m,1,V,1,PST,HAB,,,,,,
কেনা,কিনেছে,V;2;PRS;PRF;POL,3.8e-05,0.0001779347826086,k i n e t͡ʃʰ e,4,V,2,PRS,PRF,POL,,,,,
কেনা,কিনছিলে,V;3;PST;PROG;INFM,0.0,0.0001779347826086,k i n t͡ʃʰ i l e,2,V,3,PST,PROG,INFM,,,,,
কেনা,কিনেছিলাম,V;1;PST;PRF,1.5e-05,0.0001779347826086,k i n e t͡ʃʰ i l a m,2,V,1,PST,PRF,,,,,,
কেনা,কিনিস,V;2;PRS;LGSPEC1,0.0,0.0001779347826086,k i n i ʃ,3,V,2,PRS,LGSPEC1,,,,,,
চালানো,চালালো,V;2;PST;POL,7e-06,9.108695652173916e-05,t͡ʃ a l a l o,3,V,2,PST,POL,,,,,,
চালানো,চালিয়েছি,V;1;PRS;PRF,1e-06,9.108695652173916e-05,t͡ʃ a l i̯ e t͡ʃʰ i,1,V,1,PRS,PRF,,,,,,
চালানো,চালাচ্ছিলো,V;2;PST;PROG;POL,1e-06,9.108695652173916e-05,t͡ʃ a l a t͡ʃʰː i l o,3,V,2,PST,PROG,POL,,,,,
চালানো,চালাচ্ছিস,V;2;PRS;PROG;LGSPEC1,0.0,9.108695652173916e-05,t͡ʃ a l a t͡ʃʰː i ʃ,2,V,2,PRS,PROG,LGSPEC1,,,,,
চালানো,চালালে,V;3;PST;INFM,0.000117,9.108695652173916e-05,t͡ʃ a l a l e,3,V,3,PST,INFM,,,,,,
চালানো,চালাতে,V;V.PTCP;PROG,0.000703,9.108695652173916e-05,t͡ʃ a l a t̪ e,0,V,V.PTCP,PROG,,,,,,,
চালানো,চালালেন,V;3;PST;POL,5e-06,9.108695652173916e-05,t͡ʃ a l a l e n,3,V,3,PST,POL,,,,,,
চালানো,চালিয়েছেন,V;3;PRS;PRF;POL,1e-06,9.108695652173916e-05,t͡ʃ a l i̯ e t͡ʃʰ e n,0,V,3,PRS,PRF,POL,,,,,
চালানো,চালাবে,V;3;FUT;INFM,3.1e-05,9.108695652173916e-05,t͡ʃ a l a b e,2,V,3,FUT,INFM,,,,,,
চালানো,চালালি,V;2;PST;LGSPEC1,0.0,9.108695652173916e-05,t͡ʃ a l a l i,3,V,2,PST,LGSPEC1,,,,,,
চালানো,চালায়,V;V.PTCP;HAB,2.6e-05,9.108695652173916e-05,t͡ʃ a l a e̯,2,V,V.PTCP,HAB,,,,,,,
চালানো,চালিয়েছিলেন,V;3;PST;PRF;POL,0.0,9.108695652173916e-05,t͡ʃ a l i̯ e t͡ʃʰ i l e n,1,V,3,PST,PRF,POL,,,,,
চালানো,চালাও,V;3;PRS;INFM,4e-06,9.108695652173916e-05,t͡ʃ a l a o̯,1,V,3,PRS,INFM,,,,,,
চালানো,চালিয়েছিস,V;2;PRS;PRF;LGSPEC1,0.0,9.108695652173916e-05,t͡ʃ a l i̯ e t͡ʃʰ i ʃ,4,V,2,PRS,PRF,LGSPEC1,,,,,
চালানো,চালাচ্ছিলেন,V;3;PST;PROG;POL,1.2e-05,9.108695652173916e-05,t͡ʃ a l a t͡ʃʰː i l e n,4,V,3,PST,PROG,POL,,,,,
চালানো,চালাচ্ছেন,V;3;PRS;PROG;POL,4.6e-05,9.108695652173916e-05,t͡ʃ a l a t͡ʃʰː e n,1,V,3,PRS,PROG,POL,,,,,
চালানো,চালাতে,V;3;PST;HAB;INFM,0.000703,9.108695652173916e-05,t͡ʃ a l a t̪ e,3,V,3,PST,HAB,INFM,,,,,
চালানো,চালাবি,V;2;FUT;LGSPEC1,0.0,9.108695652173916e-05,t͡ʃ a l a b i,0,V,2,FUT,LGSPEC1,,,,,,
চালানো,চালাচ্ছিলাম,V;1;PST;PROG,2e-06,9.108695652173916e-05,t͡ʃ a l a t͡ʃʰː i l a m,4,V,1,PST,PROG,,,,,,
চালানো,চালাচ্ছি,V;1;PRS;PROG,1.8e-05,9.108695652173916e-05,t͡ʃ a l a t͡ʃʰː i,2,V,1,PRS,PROG,,,,,,
চালানো,চালিয়েছিলো,V;2;PST;PRF;POL,0.0,9.108695652173916e-05,t͡ʃ a l i̯ e t͡ʃʰ i l o,2,V,2,PST,PRF,POL,,,,,
চালানো,চালায়,V;V.PTCP;PRF,2.6e-05,9.108695652173916e-05,t͡ʃ a l a e̯,2,V,V.PTCP,PRF,,,,,,,
চালানো,চালাতে,V;V.NFIN,0.000703,9.108695652173916e-05,t͡ʃ a l a t̪ e,1,V,V.NFIN,,,,,,,,
চালানো,চালিয়েছো,V;3;PRS;PRF;INFM,0.0,9.108695652173916e-05,t͡ʃ a l i̯ e s o,4,V,3,PRS,PRF,INFM,,,,,
চালানো,চালাবেন,V;3;FUT;POL,5.8e-05,9.108695652173916e-05,t͡ʃ a l a b e n,4,V,3,FUT,POL,,,,,,
চালানো,চালাচ্ছে,V;2;PRS;PROG;POL,0.000154,9.108695652173916e-05,t͡ʃ a l a t͡ʃʰː e,2,V,2,PRS,PROG,POL,,,,,
চালানো,চালায়,V;2;PRS;POL,2.6e-05,9.108695652173916e-05,t͡ʃ a l a e̯,1,V,2,PRS,POL,,,,,,
চালানো,চালাতো,V;2;PST;HAB;POL,6e-06,9.108695652173916e-05,t͡ʃ a l a t̪ o,3,V,2,PST,HAB,POL,,,,,
চালানো,চালিয়েছিলে,V;3;PST;PRF;INFM,0.0,9.108695652173916e-05,t͡ʃ a l i̯ e t͡ʃʰ i l e,3,V,3,PST,PRF,INFM,,,,,
চালানো,চালাবো,V;1;FUT,1.3e-05,9.108695652173916e-05,t͡ʃ a l a b o,0,V,1,FUT,,,,,,,
চালানো,চালাতিস,V;2;PST;HAB;LGSPEC1,0.0,9.108695652173916e-05,t͡ʃ a l a t̪ i ʃ,1,V,2,PST,HAB,LGSPEC1,,,,,
চালানো,চালাই,V;1;PRS,4.4e-05,9.108695652173916e-05,t͡ʃ a l a i̯,1,V,1,PRS,,,,,,,
চালানো,চালাচ্ছিলি,V;2;PST;PROG;LGSPEC1,0.0,9.108695652173916e-05,t͡ʃ a l a t͡ʃʰː i l i,0,V,2,PST,PROG,LGSPEC1,,,,,
চালানো,চালাবে,V;2;FUT;POL,3.1e-05,9.108695652173916e-05,t͡ʃ a l a b e,4,V,2,FUT,POL,,,,,,
চালানো,চালানো,V;V.MSDR,0.000873,9.108695652173916e-05,t͡ʃ a l a n o,4,V,V.MSDR,,,,,,,,
চালানো,চালালাম,V;1;PST,6e-06,9.108695652173916e-05,t͡ʃ a l a l a m,2,V,1,PST,,,,,,,
চালানো,চালান,V;3;PRS;POL,0.000426,9.108695652173916e-05,t͡ʃ a l a n,1,V,3,PRS,POL,,,,,,
চালানো,চালাতেন,V;3;PST;HAB;POL,1.5e-05,9.108695652173916e-05,t͡ʃ a l a t̪ e n,1,V,3,PST,HAB,POL,,,,,
চালানো,চালিয়েছিলি,V;2;PST;PRF;LGSPEC1,0.0,9.108695652173916e-05,t͡ʃ a l i̯ e t͡ʃʰ i l i,4,V,2,PST,PRF,LGSPEC1,,,,,
চালানো,চালালে,V;V.PTCP;COND,0.000117,9.108695652173916e-05,t͡ʃ a l a l e,3,V,V.PTCP,COND,,,,,,,
চালানো,চালাচ্ছো,V;3;PRS;PROG;INFM,1e-06,9.108695652173916e-05,t͡ʃ a l a t͡ʃʰː o,4,V,3,PRS,PROG,INFM,,,,,
চালানো,চালাতাম,V;1;PST;HAB,4e-06,9.108695652173916e-05,t͡ʃ a l a t̪ a m,0,V,1,PST,HAB,,,,,,
চালানো,চালিয়েছে,V;2;PRS;PRF;POL,9e-06,9.108695652173916e-05,t͡ʃ a l i̯ e s e,1,V,2,PRS,PRF,POL,,,,,
চালানো,চালাচ্ছিলে,V;3;PST;PROG;INFM,0.0,9.108695652173916e-05,t͡ʃ a l a t͡ʃʰː i l e,4,V,3,PST,PROG,INFM,,,,,
চালানো,চালিয়েছিলাম,V;1;PST;PRF,1e-06,9.108695652173916e-05,t͡ʃ a l i̯ e t͡ʃʰ i l a m,4,V,1,PST,PRF,,,,,,
চালানো,চালাস,V;2;PRS;LGSPEC1,0.0,9.108695652173916e-05,t͡ʃ a l a ʃ,4,V,2,PRS,LGSPEC1,,,,,,
প্রশ্ন করা,প্রশ্ন করলো,V;2;PST;POL,0.0,0.0,p ɹ o ʃː o k ɔ ɹ o l o,2,V,2,PST,POL,,,,,,
প্রশ্ন করা,প্রশ্ন করেছি,V;1;PRS;PRF,0.0,0.0,p ɹ o ʃː o k ɔ ɹ e t͡ʃʰ i,4,V,1,PRS,PRF,,,,,,
প্রশ্ন করা,প্রশ্ন করছিলো,V;2;PST;PROG;POL,0.0,0.0,p ɹ o ʃː o k ɔ ɹ t͡ʃʰ i l o,4,V,2,PST,PROG,POL,,,,,
প্রশ্ন করা,প্রশ্ন করছিস,V;2;PRS;PROG;LGSPEC1,0.0,0.0,p ɹ o ʃː o k ɔ ɹ o t͡ʃʰ i ʃ,1,V,2,PRS,PROG,LGSPEC1,,,,,
প্রশ্ন করা,প্রশ্ন করলে,V;3;PST;INFM,0.0,0.0,p ɹ o ʃː o k ɔ ɹ l e,2,V,3,PST,INFM,,,,,,
প্রশ্ন করা,প্রশ্ন করতেকরতে,V;V.PTCP;PROG,0.0,0.0,p ɹ o ʃː o k ɔ ɹ t̪ e k ɔ r o t̪ e,2,V,V.PTCP,PROG,,,,,,,
প্রশ্ন করা,প্রশ্ন করলেন,V;3;PST;POL,0.0,0.0,p ɹ o ʃː o k ɔ ɹ l e n,2,V,3,PST,POL,,,,,,
প্রশ্ন করা,প্রশ্ন করেছেন,V;3;PRS;PRF;POL,0.0,0.0,p ɹ o ʃː o k ɔ ɹ e t͡ʃʰ e n,0,V,3,PRS,PRF,POL,,,,,
প্রশ্ন করা,প্রশ্ন করবে,V;3;FUT;INFM,0.0,0.0,p ɹ o ʃː o k ɔ ɹ o b e,2,V,3,FUT,INFM,,,,,,
প্রশ্ন করা,প্রশ্ন করলি,V;2;PST;LGSPEC1,0.0,0.0,p ɹ o ʃː o k ɔ ɹ o l i,0,V,2,PST,LGSPEC1,,,,,,
প্রশ্ন করা,প্রশ্ন করেকরে,V;V.PTCP;HAB,0.0,0.0,p ɹ o ʃː o k ɔ ɹ e k ɔ ɹ e,4,V,V.PTCP,HAB,,,,,,,
প্রশ্ন করা,প্রশ্ন করেছিলেন,V;3;PST;PRF;POL,0.0,0.0,p ɹ o ʃː o k ɔ ɹ e t͡ʃʰ i l e n,3,V,3,PST,PRF,POL,,,,,
প্রশ্ন করা,প্রশ্ন করো,V;3;PRS;INFM,0.0,0.0,p ɹ o ʃː o k ɔ ɹ o,3,V,3,PRS,INFM,,,,,,
প্রশ্ন করা,প্রশ্ন করেছিস,V;2;PRS;PRF;LGSPEC1,0.0,0.0,p ɹ o ʃː o k ɔ ɹ e t͡ʃʰ i ʃ,2,V,2,PRS,PRF,LGSPEC1,,,,,
প্রশ্ন করা,প্রশ্ন করছিলেন,V;3;PST;PROG;POL,0.0,0.0,p ɹ o ʃː o k ɔ ɹ t͡ʃʰ i l e n,4,V,3,PST,PROG,POL,,,,,
প্রশ্ন করা,প্রশ্ন করছেন,V;3;PRS;PROG;POL,0.0,0.0,p ɹ o ʃː o k ɔ ɹ o t͡ʃʰ e n,4,V,3,PRS,PROG,POL,,,,,
প্রশ্ন করা,প্রশ্ন করতে,V;3;PST;HAB;INFM,0.0,0.0,p ɹ o ʃː o k ɔ ɹ o t̪ e,1,V,3,PST,HAB,INFM,,,,,
প্রশ্ন করা,প্রশ্ন করবি,V;2;FUT;LGSPEC1,0.0,0.0,p ɹ o ʃː o k ɔ ɹ o b i,0,V,2,FUT,LGSPEC1,,,,,,
প্রশ্ন করা,প্রশ্ন করছিলাম,V;1;PST;PROG,0.0,0.0,p ɹ o ʃː o k ɔ ɹ t͡ʃʰ i l a m,4,V,1,PST,PROG,,,,,,
প্রশ্ন করা,প্রশ্ন করছি,V;1;PRS;PROG,0.0,0.0,p ɹ o ʃː o k ɔ ɹ o t͡ʃʰ i,1,V,1,PRS,PROG,,,,,,
প্রশ্ন করা,প্রশ্ন করেছিলো,V;2;PST;PRF;POL,0.0,0.0,p ɹ o ʃː o k ɔ ɹ e t͡ʃʰ i l o,3,V,2,PST,PRF,POL,,,,,
প্রশ্ন করা,প্রশ্ন করে,V;V.PTCP;PRF,0.0,0.0,p ɹ o ʃː o k ɔ ɹ e,3,V,V.PTCP,PRF,,,,,,,
প্রশ্ন করা,প্রশ্ন করতে,V;V.NFIN,0.0,0.0,p ɹ o ʃː o k ɔ ɹ o t̪ e,0,V,V.NFIN,,,,,,,,
প্রশ্ন করা,প্রশ্ন করেছো,V;3;PRS;PRF;INFM,0.0,0.0,p ɹ o ʃː o k ɔ ɹ e t͡ʃʰ o,1,V,3,PRS,PRF,INFM,,,,,
প্রশ্ন করা,প্রশ্ন করবেন,V;3;FUT;POL,0.0,0.0,p ɹ o ʃː o k ɔ ɹ b e n,2,V,3,FUT,POL,,,,,,
প্রশ্ন করা,প্রশ্ন করছে,V;2;PRS;PROG;POL,0.0,0.0,p ɹ o ʃː o k ɔ ɹ o t͡ʃʰ e,4,V,2,PRS,PROG,POL,,,,,
প্রশ্ন করা,প্রশ্ন করে,V;2;PRS;POL,0.0,0.0,p ɹ o ʃː o k ɔ ɹ e,0,V,2,PRS,POL,,,,,,
প্রশ্ন করা,প্রশ্ন করতো,V;2;PST;HAB;POL,0.0,0.0,p ɹ o ʃː o k ɔ ɹ o t̪ o,3,V,2,PST,HAB,POL,,,,,
প্রশ্ন করা,প্রশ্ন করেছিলে,V;3;PST;PRF;INFM,0.0,0.0,p ɹ o ʃː o k ɔ ɹ e t͡ʃʰ i l e,2,V,3,PST,PRF,INFM,,,,,
প্রশ্ন করা,প্রশ্ন করবো,V;1;FUT,0.0,0.0,p ɹ o ʃː o k ɔ ɹ o b o,0,V,1,FUT,,,,,,,
প্রশ্ন করা,প্রশ্ন করতিস,V;2;PST;HAB;LGSPEC1,0.0,0.0,p ɹ o ʃː o k ɔ ɹ o t̪ i ʃ,3,V,2,PST,HAB,LGSPEC1,,,,,
প্রশ্ন করা,প্রশ্ন করি,V;1;PRS,0.0,0.0,p ɹ o ʃː o k ɔ ɹ i,3,V,1,PRS,,,,,,,
প্রশ্ন করা,প্রশ্ন করছিলি,V;2;PST;PROG;LGSPEC1,0.0,0.0,p ɹ o ʃː o k ɔ ɹ t͡ʃʰ i l i,4,V,2,PST,PROG,LGSPEC1,,,,,
প্রশ্ন করা,প্রশ্ন করবে,V;2;FUT;POL,0.0,0.0,p ɹ o ʃː o k ɔ ɹ o b e,3,V,2,FUT,POL,,,,,,
প্রশ্ন করা,প্রশ্ন করা,V;V.MSDR,0.0,0.0,p ɹ o ʃː o k ɔ ɹ a,3,V,V.MSDR,,,,,,,,
প্রশ্ন করা,প্রশ্ন করলাম,V;1;PST,0.0,0.0,p ɹ o ʃː o k ɔ ɹ l a m,1,V,1,PST,,,,,,,
প্রশ্ন করা,প্রশ্ন করেন,V;3;PRS;POL,0.0,0.0,p ɹ o ʃː o k ɔ ɹ e n,3,V,3,PRS,POL,,,,,,
প্রশ্ন করা,প্রশ্ন করতেন,V;3;PST;HAB;POL,0.0,0.0,p ɹ o ʃː o k ɔ ɹ o t̪ e n,2,V,3,PST,HAB,POL,,,,,
প্রশ্ন করা,প্রশ্ন করেছিলি,V;2;PST;PRF;LGSPEC1,0.0,0.0,p ɹ o ʃː o k ɔ ɹ e t͡ʃʰ i l i,1,V,2,PST,PRF,LGSPEC1,,,,,
প্রশ্ন করা,প্রশ্ন করলে,V;V.PTCP;COND,0.0,0.0,p ɹ o ʃː o k ɔ ɹ l e,0,V,V.PTCP,COND,,,,,,,
প্রশ্ন করা,প্রশ্ন করছো,V;3;PRS;PROG;INFM,0.0,0.0,p ɹ o ʃː o k ɔ ɹ o t͡ʃʰ o,0,V,3,PRS,PROG,INFM,,,,,
প্রশ্ন করা,প্রশ্ন করতাম,V;1;PST;HAB,0.0,0.0,p ɹ o ʃː o k ɔ ɹ o t̪ a m,4,V,1,PST,HAB,,,,,,
প্রশ্ন করা,প্রশ্ন করেছে,V;2;PRS;PRF;POL,0.0,0.0,p ɹ o ʃː o k ɔ ɹ e t͡ʃʰ e,0,V,2,PRS,PRF,POL,,,,,
প্রশ্ন করা,প্রশ্ন করছিলে,V;3;PST;PROG;INFM,0.0,0.0,p ɹ o ʃː o k ɔ ɹ t͡ʃʰ i l e,3,V,3,PST,PROG,INFM,,,,,
প্রশ্ন করা,প্রশ্ন করেছিলাম,V;1;PST;PRF,0.0,0.0,p ɹ o ʃː o k ɔ ɹ e t͡ʃʰ i l a m,4,V,1,PST,PRF,,,,,,
প্রশ্ন করা,প্রশ্ন করিস,V;2;PRS;LGSPEC1,0.0,0.0,p ɹ o ʃː o k ɔ ɹ i ʃ,3,V,2,PRS,LGSPEC1,,,,,,
জাগানো,জাগালো,V;2;PST;POL,1e-06,4.17391304347826e-06,d͡ʒ a ɡ a l o,1,V,2,PST,POL,,,,,,
জাগানো,জাগিয়েছি,V;1;PRS;PRF,0.0,4.17391304347826e-06,d͡ʒ a ɡ i̯ e t͡ʃʰ i,2,V,1,PRS,PRF,,,,,,
জাগানো,জাগাচ্ছিলো,V;2;PST;PROG;POL,0.0,4.17391304347826e-06,d͡ʒ a ɡ a t͡ʃʰː i l o,0,V,2,PST,PROG,POL,,,,,
জাগানো,জাগাচ্ছিস,V;2;PRS;PROG;LGSPEC1,0.0,4.17391304347826e-06,d͡ʒ a ɡ a t͡ʃʰː i ʃ,3,V,2,PRS,PROG,LGSPEC1,,,,,
জাগানো,জাগালে,V;3;PST;INFM,0.0,4.17391304347826e-06,d͡ʒ a ɡ a l e,3,V,3,PST,INFM,,,,,,
জাগানো,জাগাতে,V;V.PTCP;PROG,3.6e-05,4.17391304347826e-06,d͡ʒ a ɡ a t̪ e,2,V,V.PTCP,PROG,,,,,,,
জাগানো,জাগালেন,V;3;PST;POL,1e-06,4.17391304347826e-06,d͡ʒ a ɡ a l e n,3,V,3,PST,POL,,,,,,
জাগানো,জাগিয়েছেন,V;3;PRS;PRF;POL,0.0,4.17391304347826e-06,d͡ʒ a ɡ i̯ e t͡ʃʰ e n,4,V,3,PRS,PRF,POL,,,,,
জাগানো,জাগাবে,V;3;FUT;INFM,2e-06,4.17391304347826e-06,d͡ʒ a ɡ a b e,2,V,3,FUT,INFM,,,,,,
জাগানো,জাগালি,V;2;PST;LGSPEC1,0.0,4.17391304347826e-06,d͡ʒ a ɡ a l i,4,V,2,PST,LGSPEC1,,,,,,
জাগানো,জাগায়,V;V.PTCP;HAB,8e-06,4.17391304347826e-06,d͡ʒ a ɡ a e̯,2,V,V.PTCP,HAB,,,,,,,
জাগানো,জাগিয়েছিলেন,V;3;PST;PRF;POL,0.0,4.17391304347826e-06,d͡ʒ a ɡ i̯ e t͡ʃʰ i l e n,0,V,3,PST,PRF,POL,,,,,
জাগানো,জাগাও,V;3;PRS;INFM,0.0,4.17391304347826e-06,d͡ʒ a ɡ a o̯,3,V,3,PRS,INFM,,,,,,
জাগানো,জাগিয়েছিস,V;2;PRS;PRF;LGSPEC1,0.0,4.17391304347826e-06,d͡ʒ a ɡ i̯ e t͡ʃʰ i ʃ,4,V,2,PRS,PRF,LGSPEC1,,,,,
জাগানো,জাগাচ্ছিলেন,V;3;PST;PROG;POL,0.0,4.17391304347826e-06,d͡ʒ a ɡ a t͡ʃʰː i l e n,3,V,3,PST,PROG,POL,,,,,
জাগানো,জাগাচ্ছেন,V;3;PRS;PROG;POL,0.0,4.17391304347826e-06,d͡ʒ a ɡ a t͡ʃʰː e n,0,V,3,PRS,PROG,POL,,,,,
জাগানো,জাগাতে,V;3;PST;HAB;INFM,3.6e-05,4.17391304347826e-06,d͡ʒ a ɡ a t̪ e,1,V,3,PST,HAB,INFM,,,,,
জাগানো,জাগাবি,V;2;FUT;LGSPEC1,0.0,4.17391304347826e-06,d͡ʒ a ɡ a b i,2,V,2,FUT,LGSPEC1,,,,,,
জাগানো,জাগাচ্ছিলাম,V;1;PST;PROG,0.0,4.17391304347826e-06,d͡ʒ a ɡ a t͡ʃʰː i l a m,2,V,1,PST,PROG,,,,,,
জাগানো,জাগাচ্ছি,V;1;PRS;PROG,0.0,4.17391304347826e-06,d͡ʒ a ɡ a t͡ʃʰː i,3,V,1,PRS,PROG,,,,,,
জাগানো,জাগিয়েছিলো,V;2;PST;PRF;POL,0.0,4.17391304347826e-06,d͡ʒ a ɡ i̯ e t͡ʃʰ i l o,3,V,2,PST,PRF,POL,,,,,
জাগানো,জাগায়,V;V.PTCP;PRF,8e-06,4.17391304347826e-06,d͡ʒ a ɡ a e̯,3,V,V.PTCP,PRF,,,,,,,
জাগানো,জাগাতে,V;V.NFIN,3.6e-05,4.17391304347826e-06,d͡ʒ a ɡ a t̪ e,1,V,V.NFIN,,,,,,,,
জাগানো,জাগিয়েছো,V;3;PRS;PRF;INFM,0.0,4.17391304347826e-06,d͡ʒ a ɡ i̯ e s o,1,V,3,PRS,PRF,INFM,,,,,
জাগানো,জাগাবেন,V;3;FUT;POL,2e-06,4.17391304347826e-06,d͡ʒ a ɡ a b e n,4,V,3,FUT,POL,,,,,,
জাগানো,জাগাচ্ছে,V;2;PRS;PROG;POL,2e-06,4.17391304347826e-06,d͡ʒ a ɡ a t͡ʃʰː e,3,V,2,PRS,PROG,POL,,,,,
জাগানো,জাগায়,V;2;PRS;POL,8e-06,4.17391304347826e-06,d͡ʒ a ɡ a e̯,1,V,2,PRS,POL,,,,,,
জাগানো,জাগাতো,V;2;PST;HAB;POL,1e-06,4.17391304347826e-06,d͡ʒ a ɡ a t̪ o,2,V,2,PST,HAB,POL,,,,,
জাগানো,জাগিয়েছিলে,V;3;PST;PRF;INFM,0.0,4.17391304347826e-06,d͡ʒ a ɡ i̯ e t͡ʃʰ i l e,3,V,3,PST,PRF,INFM,,,,,
জাগানো,জাগাবো,V;1;FUT,0.0,4.17391304347826e-06,d͡ʒ a ɡ a b o,2,V,1,FUT,,,,,,,
জাগানো,জাগাতিস,V;2;PST;HAB;LGSPEC1,0.0,4.17391304347826e-06,d͡ʒ a ɡ a t̪ i ʃ,4,V,2,PST,HAB,LGSPEC1,,,,,
জাগানো,জাগাই,V;1;PRS,2e-06,4.17391304347826e-06,d͡ʒ a ɡ a i̯,4,V,1,PRS,,,,,,,
জাগানো,জাগাচ্ছিলি,V;2;PST;PROG;LGSPEC1,0.0,4.17391304347826e-06,d͡ʒ a ɡ a t͡ʃʰː i l i,1,V,2,PST,PROG,LGSPEC1,,,,,
জাগানো,জাগাবে,V;2;FUT;POL,2e-06,4.17391304347826e-06,d͡ʒ a ɡ a b e,1,V,2,FUT,POL,,,,,,
জাগানো,জাগানো,V;V.MSDR,4.5e-05,4.17391304347826e-06,d͡ʒ a ɡ a n o,0,V,V.MSDR,,,,,,,,
জাগানো,জাগালাম,V;1;PST,0.0,4.17391304347826e-06,d͡ʒ a ɡ a l a m,4,V,1,PST,,,,,,,
জাগানো,জাগান,V;3;PRS;POL,1e-06,4.17391304347826e-06,d͡ʒ a ɡ a n,0,V,3,PRS,POL,,,,,,
জাগানো,জাগাতেন,V;3;PST;HAB;POL,0.0,4.17391304347826e-06,d͡ʒ a ɡ a t̪ e n,1,V,3,PST,HAB,POL,,,,,
জাগানো,জাগিয়েছিলি,V;2;PST;PRF;LGSPEC1,0.0,4.17391304347826e-06,d͡ʒ a ɡ i̯ e t͡ʃʰ i l i,0,V,2,PST,PRF,LGSPEC1,,,,,
জাগানো,জাগালে,V;V.PTCP;COND,0.0,4.17391304347826e-06,d͡ʒ a ɡ a l e,0,V,V.PTCP,COND,,,,,,,
জাগানো,জাগাচ্ছো,V;3;PRS;PROG;INFM,0.0,4.17391304347826e-06,d͡ʒ a ɡ a t͡ʃʰː o,3,V,3,PRS,PROG,INFM,,,,,
জাগানো,জাগাতাম,V;1;PST;HAB,0.0,4.17391304347826e-06,d͡ʒ a ɡ a t̪ a m,1,V,1,PST,HAB,,,,,,
জাগানো,জাগিয়েছে,V;2;PRS;PRF;POL,1e-06,4.17391304347826e-06,d͡ʒ a ɡ i̯ e s e,2,V,2,PRS,PRF,POL,,,,,
জাগানো,জাগাচ্ছিলে,V;3;PST;PROG;INFM,0.0,4.17391304347826e-06,d͡ʒ a ɡ a t͡ʃʰː i l e,4,V,3,PST,PROG,INFM,,,,,
জাগানো,জাগিয়েছিলাম,V;1;PST;PRF,0.0,4.17391304347826e-06,d͡ʒ a ɡ i̯ e t͡ʃʰ i l a m,0,V,1,PST,PRF,,,,,,
জাগানো,জাগাস,V;2;PRS;LGSPEC1,0.0,4.17391304347826e-06,d͡ʒ a ɡ a ʃ,3,V,2,PRS,LGSPEC1,,,,,,
বৃষ্টি হওয়া,বৃষ্টি হলো,V;2;PST;POL,0.0,0.0,b ɹ i ʃ ʈ i h o l o,2,V,2,PST,POL,,,,,,
বৃষ্টি হওয়া,বৃষ্টি হয়েছি,V;1;PRS;PRF,0.0,0.0,b ɹ i ʃ ʈ i,2,V,1,PRS,PRF,,,,,,
বৃষ্টি হওয়া,বৃষ্টি হচ্ছিলো,V;2;PST;PROG;POL,0.0,0.0,b ɹ i ʃ ʈ i h ɔ t͡ʃʰː i l o,0,V,2,PST,PROG,POL,,,,,
বৃষ্টি হওয়া,বৃষ্টি হচ্ছিস,V;2;PRS;PROG;LGSPEC1,0.0,0.0,b ɹ i ʃ ʈ i h ɔ t͡ʃʰː i ʃ,3,V,2,PRS,PROG,LGSPEC1,,,,,
বৃষ্টি হওয়া,বৃষ্টি হলে,V;3;PST;INFM,0.0,0.0,b ɹ i ʃ ʈ i,4,V,3,PST,INFM,,,,,,
বৃষ্টি হওয়া,বৃষ্টি হতেহতে,V;V.PTCP;PROG,0.0,0.0,b ɹ i ʃ ʈ i,2,V,V.PTCP,PROG,,,,,,,
বৃষ্টি হওয়া,বৃষ্টি হলেন,V;3;PST;POL,0.0,0.0,b ɹ i ʃ ʈ i h o l e n,1,V,3,PST,POL,,,,,,
বৃষ্টি হওয়া,বৃষ্টি হয়েছেন,V;3;PRS;PRF;POL,0.0,0.0,b ɹ i ʃ ʈ i h ɔ e̯ s e n,1,V,3,PRS,PRF,POL,,,,,
বৃষ্টি হওয়া,বৃষ্টি হবে,V;3;FUT;INFM,0.0,0.0,b ɹ i ʃ ʈ i,3,V,3,FUT,INFM,,,,,,
বৃষ্টি হওয়া,বৃষ্টি হলি,V;2;PST;LGSPEC1,0.0,0.0,b ɹ i ʃ ʈ i,2,V,2,PST,LGSPEC1,,,,,,
বৃষ্টি হওয়া,বৃষ্টি হয়েহয়ে,V;V.PTCP;HAB,0.0,0.0,b ɹ i ʃ ʈ i h ɔ e̯ h ɔ e̯ e,0,V,V.PTCP,HAB,,,,,,,
বৃষ্টি হওয়া,বৃষ্টি হয়েছিলেন,V;3;PST;PRF;POL,0.0,0.0,b ɹ i ʃ ʈ i h ɔ e̯ s i l e n,4,V,3,PST,PRF,POL,,,,,
বৃষ্টি হওয়া,বৃষ্টি হও,V;3;PRS;INFM,0.0,0.0,b ɹ i ʃ ʈ i,3,V,3,PRS,INFM,,,,,,
বৃষ্টি হওয়া,বৃষ্টি হয়েছিস,V;2;PRS;PRF;LGSPEC1,0.0,0.0,b ɹ i ʃ ʈ i h ɔ e̯ s i ʃ,0,V,2,PRS,PRF,LGSPEC1,,,,,
বৃষ্টি হওয়া,বৃষ্টি হচ্ছিলেন,V;3;PST;PROG;POL,0.0,0.0,b ɹ i ʃ ʈ i h ɔ t͡ʃʰː i l e n,1,V,3,PST,PROG,POL,,,,,
বৃষ্টি হওয়া,বৃষ্টি হচ্ছেন,V;3;PRS;PROG;POL,0.0,0.0,b ɹ i ʃ ʈ i,4,V,3,PRS,PROG,POL,,,,,
বৃষ্টি হওয়া,বৃষ্টি হতে,V;3;PST;HAB;INFM,0.0,0.0,b ɹ i ʃ ʈ i,4,V,3,PST,HAB,INFM,,,,,
বৃষ্টি হওয়া,বৃষ্টি হবি,V;2;FUT;LGSPEC1,0.0,0.0,b ɹ i ʃ ʈ i,0,V,2,FUT,LGSPEC1,,,,,,
বৃষ্টি হওয়া,বৃষ্টি হচ্ছিলাম,V;1;PST;PROG,0.0,0.0,b ɹ i ʃ ʈ i h ɔ t͡ʃʰː i l a m,3,V,1,PST,PROG,,,,,,
বৃষ্টি হওয়া,বৃষ্টি হচ্ছি,V;1;PRS;PROG,0.0,0.0,b ɹ i ʃ ʈ i,0,V,1,PRS,PROG,,,,,,
বৃষ্টি হওয়া,বৃষ্টি হয়েছিলো,V;2;PST;PRF;POL,0.0,0.0,b ɹ i ʃ ʈ i h ɔ e̯ s i l o,2,V,2,PST,PRF,POL,,,,,
বৃষ্টি হওয়া,বৃষ্টি হয়ে,V;V.PTCP;PRF,0.0,0.0,b ɹ i ʃ ʈ i,2,V,V.PTCP,PRF,,,,,,,
বৃষ্টি হওয়া,বৃষ্টি হতে,V;V.NFIN,0.0,0.0,b ɹ i ʃ ʈ i,2,V,V.NFIN,,,,,,,,
বৃষ্টি হওয়া,বৃষ্টি হয়েছো,V;3;PRS;PRF;INFM,0.0,0.0,b ɹ i ʃ ʈ i h ɔ e̯ s o,2,V,3,PRS,PRF,INFM,,,,,
বৃষ্টি হওয়া,বৃষ্টি হবেন,V;3;FUT;POL,0.0,0.0,b ɹ i ʃ ʈ i,1,V,3,FUT,POL,,,,,,
বৃষ্টি হওয়া,বৃষ্টি হচ্ছে,V;2;PRS;PROG;POL,0.0,0.0,b ɹ i ʃ ʈ i,3,V,2,PRS,PROG,POL,,,,,
বৃষ্টি হওয়া,বৃষ্টি হয়,V;2;PRS;POL,0.0,0.0,b ɹ i ʃ ʈ i,2,V,2,PRS,POL,,,,,,
বৃষ্টি হওয়া,বৃষ্টি হতো,V;2;PST;HAB;POL,0.0,0.0,b ɹ i ʃ ʈ i,2,V,2,PST,HAB,POL,,,,,
বৃষ্টি হওয়া,বৃষ্টি হয়েছিলে,V;3;PST;PRF;INFM,0.0,0.0,b ɹ i ʃ ʈ i h ɔ e̯ s i l e,4,V,3,PST,PRF,INFM,,,,,
বৃষ্টি হওয়া,বৃষ্টি হবো,V;1;FUT,0.0,0.0,b ɹ i ʃ ʈ i,3,V,1,FUT,,,,,,,
বৃষ্টি হওয়া,বৃষ্টি হতিস,V;2;PST;HAB;LGSPEC1,0.0,0.0,b ɹ i ʃ ʈ i h o t̪ i ʃ,2,V,2,PST,HAB,LGSPEC1,,,,,
বৃষ্টি হওয়া,বৃষ্টি হই,V;1;PRS,0.0,0.0,b ɹ i ʃ ʈ i,2,V,1,PRS,,,,,,,
বৃষ্টি হওয়া,বৃষ্টি হচ্ছিলি,V;2;PST;PROG;LGSPEC1,0.0,0.0,b ɹ i ʃ ʈ i h ɔ t͡ʃʰː i l i,3,V,2,PST,PROG,LGSPEC1,,,,,
বৃষ্টি হওয়া,বৃষ্টি হবে,V;2;FUT;POL,0.0,0.0,b ɹ i ʃ ʈ i,3,V,2,FUT,POL,,,,,,
বৃষ্টি হওয়া,বৃষ্টি হওয়া,V;V.MSDR,0.0,0.0,b ɹ i ʃ ʈ i h o̯ a,4,V,V.MSDR,,,,,,,,
বৃষ্টি হওয়া,বৃষ্টি হলাম,V;1;PST,0.0,0.0,b ɹ i ʃ ʈ i h ɔ l a m,0,V,1,PST,,,,,,,
বৃষ্টি হওয়া,বৃষ্টি হন,V;3;PRS;POL,0.0,0.0,b ɹ i ʃ ʈ i,0,V,3,PRS,POL,,,,,,
বৃষ্টি হওয়া,বৃষ্টি হতেন,V;3;PST;HAB;POL,0.0,0.0,b ɹ i ʃ ʈ i,1,V,3,PST,HAB,POL,,,,,
বৃষ্টি হওয়া,বৃষ্টি হয়েছিলি,V;2;PST;PRF;LGSPEC1,0.0,0.0,b ɹ i ʃ ʈ i h ɔ e̯ s i l i,1,V,2,PST,PRF,LGSPEC1,,,,,
বৃষ্টি হওয়া,বৃষ্টি হলে,V;V.PTCP;COND,0.0,0.0,b ɹ i ʃ ʈ i,1,V,V.PTCP,COND,,,,,,,
বৃষ্টি হওয়া,বৃষ্টি হচ্ছো,V;3;PRS;PROG;INFM,0.0,0.0,b ɹ i ʃ ʈ i h ɔ t͡ʃʰː o,1,V,3,PRS,PROG,INFM,,,,,
বৃষ্টি হওয়া,বৃষ্টি হতাম,V;1;PST;HAB,0.0,0.0,b ɹ i ʃ ʈ i,0,V,1,PST,HAB,,,,,,
বৃষ্টি হওয়া,বৃষ্টি হয়েছে,V;2;PRS;PRF;POL,0.0,0.0,b ɹ i ʃ ʈ i,0,V,2,PRS,PRF,POL,,,,,
বৃষ্টি হওয়া,বৃষ্টি হচ্ছিলে,V;3;PST;PROG;INFM,0.0,0.0,b ɹ i ʃ ʈ i h ɔ t͡ʃʰː i l e,4,V,3,PST,PROG,INFM,,,,,
বৃষ্টি হওয়া,বৃষ্টি হয়েছিলাম,V;1;PST;PRF,0.0,0.0,b ɹ i ʃ ʈ i h ɔ e̯ s i l a m,0,V,1,PST,PRF,,,,,,
বৃষ্টি হওয়া,বৃষ্টি হস,V;2;PRS;LGSPEC1,0.0,0.0,b ɹ i ʃ ʈ i,4,V,2,PRS,LGSPEC1,,,,,,
চুম্বন করা,চুম্বন করলো,V;2;PST;POL,0.0,0.0,t͡ʃ u m b o n k ɔ ɹ l o,1,V,2,PST,POL,,,,,,
চুম্বন করা,চুম্বন করেছি,V;1;PRS;PRF,0.0,0.0,t͡ʃ u m b o n k o ɹ e t͡ʃʰ i,2,V,1,PRS,PRF,,,,,,
চুম্বন করা,চুম্বন করছিলো,V;2;PST;PROG;POL,0.0,0.0,t͡ʃ u m b o n o k ɔ ɹ t͡ʃʰ i l o,3,V,2,PST,PROG,POL,,,,,
চুম্বন করা,চুম্বন করছিস,V;2;PRS;PROG;LGSPEC1,0.0,0.0,t͡ʃ u m b o n o k ɔ ɹ t͡ʃʰ i ʃ,4,V,2,PRS,PROG,LGSPEC1,,,,,
চুম্বন করা,চুম্বন করলে,V;3;PST;INFM,0.0,0.0,t͡ʃ u m b o n k ɔ ɹ l e,3,V,3,PST,INFM,,,,,,
চুম্বন করা,চুম্বন করতেকরতে,V;V.PTCP;PROG,0.0,0.0,t͡ʃ u m b o n o k ɔ ɹ t̪ e k ɔ ɹ o t̪ e,4,V,V.PTCP,PROG,,,,,,,
চুম্বন করা,চুম্বন করলেন,V;3;PST;POL,0.0,0.0,t͡ʃ u m b o n k ɔ ɹ l e n,2,V,3,PST,POL,,,,,,
চুম্বন করা,চুম্বন করেছেন,V;3;PRS;PRF;POL,0.0,0.0,t͡ʃ u m b o n k ɔ ɹ e t͡ʃʰ e n,2,V,3,PRS,PRF,POL,,,,,
চুম্বন করা,চুম্বন করবে,V;3;FUT;INFM,0.0,0.0,t͡ʃ u m b o n k ɔ ɹ b e,1,V,3,FUT,INFM,,,,,,
চুম্বন করা,চুম্বন করলি,V;2;PST;LGSPEC1,0.0,0.0,t͡ʃ u m b o n k ɔ ɹ o l i,3,V,2,PST,LGSPEC1,,,,,,
চুম্বন করা,চুম্বন করেকরে,V;V.PTCP;HAB,0.0,0.0,t͡ʃ u m b o n k o ɹ e k ɔ ɹ e,0,V,V.PTCP,HAB,,,,,,,
চুম্বন করা,চুম্বন করেছিলেন,V;3;PST;PRF;POL,0.0,0.0,t͡ʃ u m b o n k o ɹ e t͡ʃʰ i l e n,1,V,3,PST,PRF,POL,,,,,
চুম্বন করা,চুম্বন করো,V;3;PRS;INFM,0.0,0.0,t͡ʃ u m b o n k o ɹ o,1,V,3,PRS,INFM,,,,,,
চুম্বন করা,চুম্বন করেছিস,V;2;PRS;PRF;LGSPEC1,0.0,0.0,t͡ʃ u m b o n k o ɹ e t͡ʃʰ i ʃ,0,V,2,PRS,PRF,LGSPEC1,,,,,
চুম্বন করা,চুম্বন করছিলেন,V;3;PST;PROG;POL,0.0,0.0,t͡ʃ u m b o n o k ɔ ɹ t͡ʃʰ i l e n,2,V,3,PST,PROG,POL,,,,,
চুম্বন করা,চুম্বন করছেন,V;3;PRS;PROG;POL,0.0,0.0,t͡ʃ u m b o n k ɔ ɹ t͡ʃʰ e n,0,V,3,PRS,PROG,POL,,,,,
চুম্বন করা,চুম্বন করতে,V;3;PST;HAB;INFM,0.0,0.0,t͡ʃ u m b o n k ɔ ɹ o t̪ e,4,V,3,PST,HAB,INFM,,,,,
চুম্বন করা,চুম্বন করবি,V;2;FUT;LGSPEC1,0.0,0.0,t͡ʃ u m b o n k ɔ ɹ o b i,3,V,2,FUT,LGSPEC1,,,,,,
চুম্বন করা,চুম্বন করছিলাম,V;1;PST;PROG,0.0,0.0,t͡ʃ u mː o n o k ɔ ɹ t͡ʃʰ i l a m,4,V,1,PST,PROG,,,,,,
চুম্বন করা,চুম্বন করছি,V;1;PRS;PROG,0.0,0.0,t͡ʃ u m b o n k ɔ ɹ o t͡ʃʰ i,0,V,1,PRS,PROG,,,,,,
চুম্বন করা,চুম্বন করেছিলো,V;2;PST;PRF;POL,0.0,0.0,t͡ʃ u m b o n k o ɹ e t͡ʃʰ i l o,4,V,2,PST,PRF,POL,,,,,
চুম্বন করা,চুম্বন করে,V;V.PTCP;PRF,0.0,0.0,t͡ʃ u m b o n k ɔ ɹ e,4,V,V.PTCP,PRF,,,,,,,
চুম্বন করা,চুম্বন করতে,V;V.NFIN,0.0,0.0,t͡ʃ u m b o n k ɔ ɹ o t̪ e,2,V,V.NFIN,,,,,,,,
চুম্বন করা,চুম্বন করেছো,V;3;PRS;PRF;INFM,0.0,0.0,t͡ʃ u m b o n k ɔ ɹ e t͡ʃʰ o,2,V,3,PRS,PRF,INFM,,,,,
চুম্বন করা,চুম্বন করবেন,V;3;FUT;POL,0.0,0.0,t͡ʃ u m b o n k ɔ ɹ b e n,1,V,3,FUT,POL,,,,,,
চুম্বন করা,চুম্বন করছে,V;2;PRS;PROG;POL,0.0,0.0,t͡ʃ u m b o n k ɔ ɹ o t͡ʃʰ e,3,V,2,PRS,PROG,POL,,,,,
চুম্বন করা,চুম্বন করে,V;2;PRS;POL,0.0,0.0,t͡ʃ u m b o n k ɔ ɹ e,1,V,2,PRS,POL,,,,,,
চুম্বন করা,চুম্বন করতো,V;2;PST;HAB;POL,0.0,0.0,t͡ʃ u m b o n k ɔ ɹ o t̪ o,3,V,2,PST,HAB,POL,,,,,
চুম্বন করা,চুম্বন করেছিলে,V;3;PST;PRF;INFM,0.0,0.0,t͡ʃ u m b o n k o ɹ e t͡ʃʰ i l e,3,V,3,PST,PRF,INFM,,,,,
চুম্বন করা,চুম্বন করবো,V;1;FUT,0.0,0.0,t͡ʃ u m b o n k ɔ ɹ o b o,4,V,1,FUT,,,,,,,
চুম্বন করা,চুম্বন করতিস,V;2;PST;HAB;LGSPEC1,0.0,0.0,t͡ʃ u m b o n k ɔ ɹ o t̪ i ʃ,1,V,2,PST,HAB,LGSPEC1,,,,,
চুম্বন করা,চুম্বন করি,V;1;PRS,0.0,0.0,t͡ʃ u m b o n k o ɹ i,0,V,1,PRS,,,,,,,
চুম্বন করা,চুম্বন করছিলি,V;2;PST;PROG;LGSPEC1,0.0,0.0,t͡ʃ u m b o n o k ɔ ɹ t͡ʃʰ i l i,4,V,2,PST,PROG,LGSPEC1,,,,,
চুম্বন করা,চুম্বন করবে,V;2;FUT;POL,0.0,0.0,t͡ʃ u m b o n k ɔ ɹ b e,1,V,2,FUT,POL,,,,,,
চুম্বন করা,চুম্বন করা,V;V.MSDR,0.0,0.0,t͡ʃ u m b o n k ɔ ɹ a,0,V,V.MSDR,,,,,,,,
চুম্বন করা,চুম্বন করলাম,V;1;PST,0.0,0.0,t͡ʃ u m b o n o k ɔ ɹ l a m,0,V,1,PST,,,,,,,
চুম্বন করা,চুম্বন করেন,V;3;PRS;POL,0.0,0.0,t͡ʃ u m b o n k o ɹ e n,1,V,3,PRS,POL,,,,,,
চুম্বন করা,চুম্বন করতেন,V;3;PST;HAB;POL,0.0,0.0,t͡ʃ u m b o n k ɔ ɹ t̪ e n,2,V,3,PST,HAB,POL,,,,,
চুম্বন করা,চুম্বন করেছিলি,V;2;PST;PRF;LGSPEC1,0.0,0.0,t͡ʃ u m b o n k o ɹ e t͡ʃʰ i l i,4,V,2,PST,PRF,LGSPEC1,,,,,
চুম্বন করা,চুম্বন করলে,V;V.PTCP;COND,0.0,0.0,t͡ʃ u m b o n k ɔ ɹ l e,3,V,V.PTCP,COND,,,,,,,
চুম্বন করা,চুম্বন করছো,V;3;PRS;PROG;INFM,0.0,0.0,t͡ʃ u m b o n k ɔ ɹ o t͡ʃʰ o,0,V,3,PRS,PROG,INFM,,,,,
চুম্বন করা,চুম্বন করতাম,V;1;PST;HAB,0.0,0.0,t͡ʃ u m b o n o k ɔ ɹ o t̪ a m,3,V,1,PST,HAB,,,,,,
চুম্বন করা,চুম্বন করেছে,V;2;PRS;PRF;POL,0.0,0.0,t͡ʃ u m b o n k ɔ ɹ e t͡ʃʰ e,4,V,2,PRS,PRF,POL,,,,,
চুম্বন করা,চুম্বন করছিলে,V;3;PST;PROG;INFM,0.0,0.0,t͡ʃ u m b o n o k ɔ ɹ t͡ʃʰ i l e,3,V,3,PST,PROG,INFM,,,,,
চুম্বন করা,চুম্বন করেছিলাম,V;1;PST;PRF,0.0,0.0,t͡ʃ u mː o n k o ɹ e t͡ʃʰ i l a m,0,V,1,PST,PRF,,,,,,
চুম্বন করা,চুম্বন করিস,V;2;PRS;LGSPEC1,0.0,0.0,t͡ʃ u m b o n k o ɹ i ʃ,4,V,2,PRS,LGSPEC1,,,,,,
চোষা,চুষলো,V;2;PST;POL,0.0,3.652173913043479e-06,t͡ʃ u ʃ l o,2,V,2,PST,POL,,,,,,
চোষা,চুষেছি,V;1;PRS;PRF,0.0,3.652173913043479e-06,t͡ʃ u ʃ e t͡ʃʰ i,1,V,1,PRS,PRF,,,,,,
চোষা,চুষছিলো,V;2;PST;PROG;POL,0.0,3.652173913043479e-06,t͡ʃ u ʃ t͡ʃʰ i l o,4,V,2,PST,PROG,POL,,,,,
চোষা,চুষছিস,V;2;PRS;PROG;LGSPEC1,0.0,3.652173913043479e-06,t͡ʃ u ʃ t͡ʃʰ i ʃ,2,V,2,PRS,PROG,LGSPEC1,,,,,
চোষা,চুষলে,V;3;PST;INFM,0.0,3.652173913043479e-06,t͡ʃ u ʃ l e,0,V,3,PST,INFM,,,,,,
চোষা,চুষতে,V;V.PTCP;PROG,5e-06,3.652173913043479e-06,t͡ʃ u ʃ t̪ e,2,V,V.PTCP,PROG,,,,,,,
চোষা,চুষলেন,V;3;PST;POL,0.0,3.652173913043479e-06,t͡ʃ u ʃ l e n,2,V,3,PST,POL,,,,,,
চোষা,চুষেছেন,V;3;PRS;PRF;POL,0.0,3.652173913043479e-06,t͡ʃ u ʃ e t͡ʃʰ e n,3,V,3,PRS,PRF,POL,,,,,
চোষা,চুষবে,V;3;FUT;INFM,1e-06,3.652173913043479e-06,t͡ʃ u ʃ b e,0,V,3,FUT,INFM,,,,,,
চোষা,চুষলি,V;2;PST;LGSPEC1,0.0,3.652173913043479e-06,t͡ʃ u ʃ l i,0,V,2,PST,LGSPEC1,,,,,,
চোষা,চুষে,V;V.PTCP;HAB,7.1e-05,3.652173913043479e-06,t͡ʃ u ʃ e,2,V,V.PTCP,HAB,,,,,,,
চোষা,চুষেছিলেন,V;3;PST;PRF;POL,0.0,3.652173913043479e-06,t͡ʃ u ʃ e t͡ʃʰ i l e n,2,V,3,PST,PRF,POL,,,,,
চোষা,চোষো,V;3;PRS;INFM,0.0,3.652173913043479e-06,t͡ʃ o ʃ o,2,V,3,PRS,INFM,,,,,,
চোষা,চুষেছিস,V;2;PRS;PRF;LGSPEC1,0.0,3.652173913043479e-06,t͡ʃ u ʃ e t͡ʃʰ i ʃ,2,V,2,PRS,PRF,LGSPEC1,,,,,
চোষা,চুষছিলেন,V;3;PST;PROG;POL,0.0,3.652173913043479e-06,t͡ʃ u ʃ t͡ʃʰ i l e n,2,V,3,PST,PROG,POL,,,,,
চোষা,চুষছেন,V;3;PRS;PROG;POL,0.0,3.652173913043479e-06,t͡ʃ u ʃ t͡ʃʰ e n,1,V,3,PRS,PROG,POL,,,,,
চোষা,চুষতে,V;3;PST;HAB;INFM,5e-06,3.652173913043479e-06,t͡ʃ u ʃ t̪ e,0,V,3,PST,HAB,INFM,,,,,
চোষা,চুষবি,V;2;FUT;LGSPEC1,0.0,3.652173913043479e-06,t͡ʃ u ʃ b i,0,V,2,FUT,LGSPEC1,,,,,,
চোষা,চুষছিলাম,V;1;PST;PROG,0.0,3.652173913043479e-06,t͡ʃ u ʃ t͡ʃʰ i l a m,2,V,1,PST,PROG,,,,,,
চোষা,চুষছি,V;1;PRS;PROG,0.0,3.652173913043479e-06,t͡ʃ u ʃ t͡ʃʰ i,2,V,1,PRS,PROG,,,,,,
চোষা,চুষেছিলো,V;2;PST;PRF;POL,0.0,3.652173913043479e-06,t͡ʃ u ʃ e t͡ʃʰ i l o,0,V,2,PST,PRF,POL,,,,,
চোষা,চুষে,V;V.PTCP;PRF,7.1e-05,3.652173913043479e-06,t͡ʃ u ʃ e,4,V,V.PTCP,PRF,,,,,,,
চোষা,চুষতে,V;V.NFIN,5e-06,3.652173913043479e-06,t͡ʃ u ʃ t̪ e,1,V,V.NFIN,,,,,,,,
চোষা,চুষেছো,V;3;PRS;PRF;INFM,0.0,3.652173913043479e-06,t͡ʃ u ʃ e t͡ʃʰ o,1,V,3,PRS,PRF,INFM,,,,,
চোষা,চুষবেন,V;3;FUT;POL,0.0,3.652173913043479e-06,t͡ʃ u ʃ b e n,1,V,3,FUT,POL,,,,,,
চোষা,চুষছে,V;2;PRS;PROG;POL,0.0,3.652173913043479e-06,t͡ʃ u ʃ t͡ʃʰ e,1,V,2,PRS,PROG,POL,,,,,
চোষা,চোষে,V;2;PRS;POL,1e-06,3.652173913043479e-06,t͡ʃ o ʃ e,1,V,2,PRS,POL,,,,,,
চোষা,চুষতো,V;2;PST;HAB;POL,0.0,3.652173913043479e-06,t͡ʃ u ʃ t̪ o,0,V,2,PST,HAB,POL,,,,,
চোষা,চুষেছিলে,V;3;PST;PRF;INFM,0.0,3.652173913043479e-06,t͡ʃ u ʃ e t͡ʃʰ i l e,3,V,3,PST,PRF,INFM,,,,,
চোষা,চুষবো,V;1;FUT,0.0,3.652173913043479e-06,t͡ʃ u ʃ b o,4,V,1,FUT,,,,,,,
চোষা,চুষতিস,V;2;PST;HAB;LGSPEC1,0.0,3.652173913043479e-06,t͡ʃ u ʃ t̪ i ʃ,4,V,2,PST,HAB,LGSPEC1,,,,,
চোষা,চুষি,V;1;PRS,0.0,3.652173913043479e-06,t͡ʃ u ʃ i,2,V,1,PRS,,,,,,,
চোষা,চুষছিলি,V;2;PST;PROG;LGSPEC1,0.0,3.652173913043479e-06,t͡ʃ u ʃ t͡ʃʰ i l i,0,V,2,PST,PROG,LGSPEC1,,,,,
চোষা,চুষবে,V;2;FUT;POL,1e-06,3.652173913043479e-06,t͡ʃ u ʃ b e,3,V,2,FUT,POL,,,,,,
চোষা,চোষা,V;V.MSDR,6e-06,3.652173913043479e-06,t͡ʃ o ʃ a,3,V,V.MSDR,,,,,,,,
চোষা,চুষলাম,V;1;PST,0.0,3.652173913043479e-06,t͡ʃ u ʃ l a m,1,V,1,PST,,,,,,,
চোষা,চোষেন,V;3;PRS;POL,0.0,3.652173913043479e-06,t͡ʃ o ʃ e n,2,V,3,PRS,POL,,,,,,
চোষা,চুষতেন,V;3;PST;HAB;POL,0.0,3.652173913043479e-06,t͡ʃ u ʃ t̪ e n,0,V,3,PST,HAB,POL,,,,,
চোষা,চুষেছিলি,V;2;PST;PRF;LGSPEC1,0.0,3.652173913043479e-06,t͡ʃ u ʃ e t͡ʃʰ i l i,2,V,2,PST,PRF,LGSPEC1,,,,,
চোষা,চুষলে,V;V.PTCP;COND,0.0,3.652173913043479e-06,t͡ʃ u ʃ l e,3,V,V.PTCP,COND,,,,,,,
চোষা,চুষছো,V;3;PRS;PROG;INFM,0.0,3.652173913043479e-06,t͡ʃ u ʃ t͡ʃʰ o,3,V,3,PRS,PROG,INFM,,,,,
চোষা,চুষতাম,V;1;PST;HAB,0.0,3.652173913043479e-06,t͡ʃ u ʃ t̪ a m,0,V,1,PST,HAB,,,,,,
চোষা,চুষেছে,V;2;PRS;PRF;POL,2e-06,3.652173913043479e-06,t͡ʃ u ʃ e t͡ʃʰ e,2,V,2,PRS,PRF,POL,,,,,
চোষা,চুষছিলে,V;3;PST;PROG;INFM,0.0,3.652173913043479e-06,t͡ʃ u ʃ t͡ʃʰ i l e,2,V,3,PST,PROG,INFM,,,,,
চোষা,চুষেছিলাম,V;1;PST;PRF,0.0,3.652173913043479e-06,t͡ʃ u ʃ e t͡ʃʰ i l a m,4,V,1,PST,PRF,,,,,,
চোষা,চুষিস,V;2;PRS;LGSPEC1,0.0,3.652173913043479e-06,t͡ʃ u ʃ i ʃ,1,V,2,PRS,LGSPEC1,,,,,,
জ্বালাতন করা,জ্বালাতন করলো,V;2;PST;POL,0.0,0.0,d͡ʒ a l a t̪ o n k ɔ ɹ o l o,1,V,2,PST,POL,,,,,,
জ্বালাতন করা,জ্বালাতন করেছি,V;1;PRS;PRF,0.0,0.0,d͡ʒ a l a t̪ o n k ɔ ɹ e t͡ʃʰ i,4,V,1,PRS,PRF,,,,,,
জ্বালাতন করা,জ্বালাতন করছিলো,V;2;PST;PROG;POL,0.0,0.0,d͡ʒ a l a t̪ o n k ɔ ɹ t͡ʃʰ i l o,3,V,2,PST,PROG,POL,,,,,
জ্বালাতন করা,জ্বালাতন করছিস,V;2;PRS;PROG;LGSPEC1,0.0,0.0,d͡ʒ a l a t̪ o n k ɔ ɹ t͡ʃʰ i ʃ,3,V,2,PRS,PROG,LGSPEC1,,,,,
জ্বালাতন করা,জ্বালাতন করলে,V;3;PST;INFM,0.0,0.0,d͡ʒ a l a t̪ o n k ɔ ɹ l e,1,V,3,PST,INFM,,,,,,
জ্বালাতন করা,জ্বালাতন করতেকরতে,V;V.PTCP;PROG,0.0,0.0,d͡ʒ a l a t̪ o n o k ɔ ɹ t̪ e k ɔ r o t̪ e,3,V,V.PTCP,PROG,,,,,,,
জ্বালাতন করা,জ্বালাতন করলেন,V;3;PST;POL,0.0,0.0,d͡ʒ a l a t̪ o n k ɔ ɹ l e n,4,V,3,PST,POL,,,,,,
জ্বালাতন করা,জ্বালাতন করেছেন,V;3;PRS;PRF;POL,0.0,0.0,d͡ʒ a l a t̪ o n k ɔ ɹ e t͡ʃʰ e n,2,V,3,PRS,PRF,POL,,,,,
জ্বালাতন করা,জ্বালাতন করবে,V;3;FUT;INFM,0.0,0.0,d͡ʒ a l a t̪ o n k ɔ ɹ b e,3,V,3,FUT,INFM,,,,,,
জ্বালাতন করা,জ্বালাতন করলি,V;2;PST;LGSPEC1,0.0,0.0,d͡ʒ a l a t̪ o n k ɔ ɹ o l i,3,V,2,PST,LGSPEC1,,,,,,
জ্বালাতন করা,জ্বালাতন করেকরে,V;V.PTCP;HAB,0.0,0.0,d͡ʒ a l a t̪ o n k ɔ ɹ e k ɔ ɹ e,2,V,V.PTCP,HAB,,,,,,,
জ্বালাতন করা,জ্বালাতন করেছিলেন,V;3;PST;PRF;POL,0.0,0.0,d͡ʒ a l a t̪ o n k ɔ ɹ e t͡ʃʰ i l e n,4,V,3,PST,PRF,POL,,,,,
জ্বালাতন করা,জ্বালাতন করো,V;3;PRS;INFM,0.0,0.0,d͡ʒ a l a t̪ o n k o ɹ o,2,V,3,PRS,INFM,,,,,,
জ্বালাতন করা,জ্বালাতন করেছিস,V;2;PRS;PRF;LGSPEC1,0.0,0.0,d͡ʒ a l a t̪ o n k ɔ ɹ e t͡ʃʰ i ʃ,3,V,2,PRS,PRF,LGSPEC1,,,,,
জ্বালাতন করা,জ্বালাতন করছিলেন,V;3;PST;PROG;POL,0.0,0.0,d͡ʒ a l a t̪ o n k ɔ ɹ t͡ʃʰ i l e n,0,V,3,PST,PROG,POL,,,,,
জ্বালাতন করা,জ্বালাতন করছেন,V;3;PRS;PROG;POL,0.0,0.0,d͡ʒ a l a t̪ o n k ɔ ɹ o t͡ʃʰ e n,3,V,3,PRS,PROG,POL,,,,,
জ্বালাতন করা,জ্বালাতন করতে,V;3;PST;HAB;INFM,0.0,0.0,d͡ʒ a l a t̪ o n k ɔ ɹ o t̪ e,3,V,3,PST,HAB,INFM,,,,,
জ্বালাতন করা,জ্বালাতন করবি,V;2;FUT;LGSPEC1,0.0,0.0,d͡ʒ a l a t̪ o n k ɔ ɹ o b i,1,V,2,FUT,LGSPEC1,,,,,,
জ্বালাতন করা,জ্বালাতন করছিলাম,V;1;PST;PROG,0.0,0.0,d͡ʒ a l a t̪ o n k ɔ ɹ t͡ʃʰ i l a m,3,V,1,PST,PROG,,,,,,
জ্বালাতন করা,জ্বালাতন করছি,V;1;PRS;PROG,0.0,0.0,d͡ʒ a l a t̪ o n k ɔ ɹ o t͡ʃʰ i,2,V,1,PRS,PROG,,,,,,
জ্বালাতন করা,জ্বালাতন করেছিলো,V;2;PST;PRF;POL,0.0,0.0,d͡ʒ a l a t̪ o n k ɔ ɹ e t͡ʃʰ i l o,3,V,2,PST,PRF,POL,,,,,
জ্বালাতন করা,জ্বালাতন করে,V;V.PTCP;PRF,0.0,0.0,d͡ʒ a l a t̪ o n k ɔ ɹ e,2,V,V.PTCP,PRF,,,,,,,
জ্বালাতন করা,জ্বালাতন করতে,V;V.NFIN,0.0,0.0,d͡ʒ a l a t̪ o n k ɔ ɹ o t̪ e,3,V,V.NFIN,,,,,,,,
জ্বালাতন করা,জ্বালাতন করেছো,V;3;PRS;PRF;INFM,0.0,0.0,d͡ʒ a l a t̪ o n k ɔ ɹ e t͡ʃʰ o,2,V,3,PRS,PRF,INFM,,,,,
জ্বালাতন করা,জ্বালাতন করবেন,V;3;FUT;POL,0.0,0.0,d͡ʒ a l a t̪ o n k ɔ ɹ b e n,2,V,3,FUT,POL,,,,,,
জ্বালাতন করা,জ্বালাতন করছে,V;2;PRS;PROG;POL,0.0,0.0,d͡ʒ a l a t̪ o n k ɔ ɹ o t͡ʃʰ e,0,V,2,PRS,PROG,POL,,,,,
জ্বালাতন করা,জ্বালাতন করে,V;2;PRS;POL,0.0,0.0,d͡ʒ a l a t̪ o n k ɔ ɹ e,3,V,2,PRS,POL,,,,,,
জ্বালাতন করা,জ্বালাতন করতো,V;2;PST;HAB;POL,0.0,0.0,d͡ʒ a l a t̪ o n k ɔ ɹ o t̪ o,3,V,2,PST,HAB,POL,,,,,
জ্বালাতন করা,জ্বালাতন করেছিলে,V;3;PST;PRF;INFM,0.0,0.0,d͡ʒ a l a t̪ o n k ɔ ɹ e t͡ʃʰ i l e,4,V,3,PST,PRF,INFM,,,,,
জ্বালাতন করা,জ্বালাতন করবো,V;1;FUT,0.0,0.0,d͡ʒ a l a t̪ o n k ɔ ɹ o b o,4,V,1,FUT,,,,,,,
জ্বালাতন করা,জ্বালাতন করতিস,V;2;PST;HAB;LGSPEC1,0.0,0.0,d͡ʒ a l a t̪ o n k ɔ ɹ o t̪ i ʃ,0,V,2,PST,HAB,LGSPEC1,,,,,
জ্বালাতন করা,জ্বালাতন করি,V;1;PRS,0.0,0.0,d͡ʒ a l a t̪ o n k ɔ ɹ i,0,V,1,PRS,,,,,,,
জ্বালাতন করা,জ্বালাতন করছিলি,V;2;PST;PROG;LGSPEC1,0.0,0.0,d͡ʒ a l a t̪ o n k ɔ ɹ t͡ʃʰ i l i,1,V,2,PST,PROG,LGSPEC1,,,,,
জ্বালাতন করা,জ্বালাতন করবে,V;2;FUT;POL,0.0,0.0,d͡ʒ a l a t̪ o n k ɔ ɹ b e,2,V,2,FUT,POL,,,,,,
জ্বালাতন করা,জ্বালাতন করা,V;V.MSDR,0.0,0.0,d͡ʒ a l a t̪ o n k ɔ ɹ a,4,V,V.MSDR,,,,,,,,
জ্বালাতন করা,জ্বালাতন করলাম,V;1;PST,0.0,0.0,d͡ʒ a l a t̪ o n k ɔ ɹ l a m,1,V,1,PST,,,,,,,
জ্বালাতন করা,জ্বালাতন করেন,V;3;PRS;POL,0.0,0.0,d͡ʒ a l a t̪ o n k ɔ ɹ e n,2,V,3,PRS,POL,,,,,,
জ্বালাতন করা,জ্বালাতন করতেন,V;3;PST;HAB;POL,0.0,0.0,d͡ʒ a l a t̪ o n k ɔ ɹ t̪ e n,1,V,3,PST,HAB,POL,,,,,
জ্বালাতন করা,জ্বালাতন করেছিলি,V;2;PST;PRF;LGSPEC1,0.0,0.0,d͡ʒ a l a t̪ o n k ɔ ɹ e t͡ʃʰ i l i,0,V,2,PST,PRF,LGSPEC1,,,,,
জ্বালাতন করা,জ্বালাতন করলে,V;V.PTCP;COND,0.0,0.0,d͡ʒ a l a t̪ o n k ɔ ɹ l e,3,V,V.PTCP,COND,,,,,,,
জ্বালাতন করা,জ্বালাতন করছো,V;3;PRS;PROG;INFM,0.0,0.0,d͡ʒ a l a t̪ o n k ɔ ɹ o t͡ʃʰ o,4,V,3,PRS,PROG,INFM,,,,,
জ্বালাতন করা,জ্বালাতন করতাম,V;1;PST;HAB,0.0,0.0,d͡ʒ a l a t̪ o n k ɔ ɹ ɔ t̪ a m,1,V,1,PST,HAB,,,,,,
জ্বালাতন করা,জ্বালাতন করেছে,V;2;PRS;PRF;POL,0.0,0.0,d͡ʒ a l a t̪ o n k ɔ ɹ e t͡ʃʰ e,1,V,2,PRS,PRF,POL,,,,,
জ্বালাতন করা,জ্বালাতন করছিলে,V;3;PST;PROG;INFM,0.0,0.0,d͡ʒ a l a t̪ o n k ɔ ɹ t͡ʃʰ i l e,0,V,3,PST,PROG,INFM,,,,,
জ্বালাতন করা,জ্বালাতন করেছিলাম,V;1;PST;PRF,0.0,0.0,d͡ʒ a l a t̪ o n k ɔ ɹ e t͡ʃʰ i l a m,4,V,1,PST,PRF,,,,,,
জ্বালাতন করা,জ্বালাতন করিস,V;2;PRS;LGSPEC1,0.0,0.0,d͡ʒ a l a t̪ o n k ɔ ɹ i ʃ,0,V,2,PRS,LGSPEC1,,,,,,
রাখা,রাখলো,V;2;PST;POL,1.8e-05,0.0008359347826086,r a kʰ l o,2,V,2,PST,POL,,,,,,
রাখা,রেখেছি,V;1;PRS;PRF,4.5e-05,0.0008359347826086,r e kʰ e t͡ʃʰ i,2,V,1,PRS,PRF,,,,,,
রাখা,রাখছিলো,V;2;PST;PROG;POL,0.0,0.0008359347826086,r a kʰ s i l o,3,V,2,PST,PROG,POL,,,,,
রাখা,রাখছিস,V;2;PRS;PROG;LGSPEC1,0.0,0.0008359347826086,r a kʰ s i ʃ,3,V,2,PRS,PROG,LGSPEC1,,,,,
রাখা,রাখলে,V;3;PST;INFM,0.000472,0.0008359347826086,r a kʰ l e,4,V,3,PST,INFM,,,,,,
রাখা,রাখতে,V;V.PTCP;PROG,0.005843,0.0008359347826086,r a kʰ t̪ e,1,V,V.PTCP,PROG,,,,,,,
রাখা,রাখলেন,V;3;PST;POL,4.6e-05,0.0008359347826086,r a kʰ l e n,2,V,3,PST,POL,,,,,,
রাখা,রেখেছেন,V;3;PRS;PRF;POL,0.000265,0.0008359347826086,r e kʰ e t͡ʃʰ e n,4,V,3,PRS,PRF,POL,,,,,
রাখা,রাখবে,V;3;FUT;INFM,0.000439,0.0008359347826086,r a kʰ b e,3,V,3,FUT,INFM,,,,,,
রাখা,রাখলি,V;2;PST;LGSPEC1,1e-06,0.0008359347826086,r a kʰ l i,4,V,2,PST,LGSPEC1,,,,,,
রাখা,রেখে,V;V.PTCP;HAB,0.004653,0.0008359347826086,r e kʰ e,1,V,V.PTCP,HAB,,,,,,,
রাখা,রেখেছিলেন,V;3;PST;PRF;POL,7.1e-05,0.0008359347826086,r e kʰ e t͡ʃʰ i l e n,3,V,3,PST,PRF,POL,,,,,
রাখা,রাখো,V;3;PRS;INFM,3.5e-05,0.0008359347826086,r a kʰ o,0,V,3,PRS,INFM,,,,,,
রাখা,রেখেছিস,V;2;PRS;PRF;LGSPEC1,0.0,0.0008359347826086,r e kʰ e t͡ʃʰ i ʃ,0,V,2,PRS,PRF,LGSPEC1,,,,,
রাখা,রাখছিলেন,V;3;PST;PROG;POL,4e-06,0.0008359347826086,r a kʰ t͡ʃʰ i l e n,1,V,3,PST,PROG,POL,,,,,
রাখা,রাখছেন,V;3;PRS;PROG;POL,6.7e-05,0.0008359347826086,r a kʰ t͡ʃʰ e n,0,V,3,PRS,PROG,POL,,,,,
রাখা,রাখতে,V;3;PST;HAB;INFM,0.005843,0.0008359347826086,r a kʰ t̪ e,1,V,3,PST,HAB,INFM,,,,,
রাখা,রাখবি,V;2;FUT;LGSPEC1,2e-06,0.0008359347826086,r a kʰ b i,0,V,2,FUT,LGSPEC1,,,,,,
রাখা,রাখছিলাম,V;1;PST;PROG,0.0,0.0008359347826086,r a kʰ t͡ʃʰ i l a m,3,V,1,PST,PROG,,,,,,
রাখা,রাখছি,V;1;PRS;PROG,5e-05,0.0008359347826086,r a kʰ t͡ʃʰ i,2,V,1,PRS,PROG,,,,,,
রাখা,রেখেছিলো,V;2;PST;PRF;POL,5e-06,0.0008359347826086,r e kʰ e t͡ʃʰ i l o,3,V,2,PST,PRF,POL,,,,,
রাখা,রেখে,V;V.PTCP;PRF,0.004653,0.0008359347826086,r e kʰ e,2,V,V.PTCP,PRF,,,,,,,
রাখা,রাখতে,V;V.NFIN,0.005843,0.0008359347826086,r a kʰ t̪ e,4,V,V.NFIN,,,,,,,,
রাখা,রেখেছো,V;3;PRS;PRF;INFM,1e-06,0.0008359347826086,r e kʰ e t͡ʃʰ o,4,V,3,PRS,PRF,INFM,,,,,
রাখা,রাখবেন,V;3;FUT;POL,0.001423,0.0008359347826086,r a kʰ b e n,3,V,3,FUT,POL,,,,,,
রাখা,রাখছে,V;2;PRS;PROG;POL,0.000152,0.0008359347826086,r a kʰ t͡ʃʰ e,1,V,2,PRS,PROG,POL,,,,,
রাখা,রাখে,V;2;PRS;POL,0.000777,0.0008359347826086,r a kʰ e,2,V,2,PRS,POL,,,,,,
রাখা,রাখতো,V;2;PST;HAB;POL,7e-06,0.0008359347826086,r a kʰ o t̪ o,2,V,2,PST,HAB,POL,,,,,
রাখা,রেখেছিলে,V;3;PST;PRF;INFM,1e-06,0.0008359347826086,r e kʰ e t͡ʃʰ i l e,4,V,3,PST,PRF,INFM,,,,,
রাখা,রাখবো,V;1;FUT,2.3e-05,0.0008359347826086,r a kʰ b o,0,V,1,FUT,,,,,,,
রাখা,রাখতিস,V;2;PST;HAB;LGSPEC1,0.0,0.0008359347826086,r a kʰ t̪ i ʃ,3,V,2,PST,HAB,LGSPEC1,,,,,
রাখা,রাখি,V;1;PRS,0.000344,0.0008359347826086,r a kʰ i,4,V,1,PRS,,,,,,,
রাখা,রাখছিলি,V;2;PST;PROG;LGSPEC1,0.0,0.0008359347826086,r a kʰ t͡ʃʰ i l i,1,V,2,PST,PROG,LGSPEC1,,,,,
রাখা,রাখবে,V;2;FUT;POL,0.000439,0.0008359347826086,r a kʰ b e,3,V,2,FUT,POL,,,,,,
রাখা,রাখা,V;V.MSDR,0.004657,0.0008359347826086,r a kʰ a,3,V,V.MSDR,,,,,,,,
রাখা,রাখলাম,V;1;PST,2.2e-05,0.0008359347826086,r a kʰ l a m,2,V,1,PST,,,,,,,
রাখা,রাখেন,V;3;PRS;POL,0.001346,0.0008359347826086,r a kʰ e n,3,V,3,PRS,POL,,,,,,
রাখা,রাখতেন,V;3;PST;HAB;POL,3.9e-05,0.0008359347826086,r a kʰ t̪ e n,4,V,3,PST,HAB,POL,,,,,
রাখা,রেখেছিলি,V;2;PST;PRF;LGSPEC1,0.0,0.0008359347826086,r e kʰ e t͡ʃʰ i l i,1,V,2,PST,PRF,LGSPEC1,,,,,
রাখা,রাখলে,V;V.PTCP;COND,0.000472,0.0008359347826086,r a kʰ l e,4,V,V.PTCP,COND,,,,,,,
রাখা,রাখছো,V;3;PRS;PROG;INFM,0.0,0.0008359347826086,r a kʰ s o,2,V,3,PRS,PROG,INFM,,,,,
রাখা,রাখতাম,V;1;PST;HAB,7e-06,0.0008359347826086,r a kʰ t̪ a m,2,V,1,PST,HAB,,,,,,
রাখা,রেখেছে,V;2;PRS;PRF;POL,0.000369,0.0008359347826086,r e kʰ e t͡ʃʰ e,3,V,2,PRS,PRF,POL,,,,,
রাখা,রাখছিলে,V;3;PST;PROG;INFM,0.0,0.0008359347826086,r a kʰ t͡ʃʰ i l e,4,V,3,PST,PROG,INFM,,,,,
রাখা,রেখেছিলাম,V;1;PST;PRF,1.8e-05,0.0008359347826086,r e kʰ e t͡ʃʰ i l a m,2,V,1,PST,PRF,,,,,,
রাখা,রাখিস,V;2;PRS;LGSPEC1,1e-06,0.0008359347826086,r a kʰ i ʃ,1,V,2,PRS,LGSPEC1,,,,,,
ঘৃণা করা,ঘৃণা করলো,V;2;PST;POL,0.0,0.0,ɡʱ ɹ i n a k ɔ ɹ l o,2,V,2,PST,POL,,,,,,
ঘৃণা করা,ঘৃণা করেছি,V;1;PRS;PRF,0.0,0.0,ɡʱ ɹ i n a k ɔ ɹ e t͡ʃʰ i,2,V,1,PRS,PRF,,,,,,
ঘৃণা করা,ঘৃণা করছিলো,V;2;PST;PROG;POL,0.0,0.0,ɡʱ ɹ i n a k o ɹ t͡ʃʰ i l o,1,V,2,PST,PROG,POL,,,,,
ঘৃণা করা,ঘৃণা করছিস,V;2;PRS;PROG;LGSPEC1,0.0,0.0,ɡʱ ɹ i n a k o ɹ t͡ʃʰ i ʃ,4,V,2,PRS,PROG,LGSPEC1,,,,,
ঘৃণা করা,ঘৃণা করলে,V;3;PST;INFM,0.0,0.0,ɡʱ ɹ i n a k ɔ ɹ l e,3,V,3,PST,INFM,,,,,,
ঘৃণা করা,ঘৃণা করতেকরতে,V;V.PTCP;PROG,0.0,0.0,ɡʱ ɹ i n a k o ɹ t̪ e k ɔ r o t̪ e,3,V,V.PTCP,PROG,,,,,,,
ঘৃণা করা,ঘৃণা করলেন,V;3;PST;POL,0.0,0.0,ɡʱ ɹ i n a k ɔ ɹ l e n,1,V,3,PST,POL,,,,,,
ঘৃণা করা,ঘৃণা করেছেন,V;3;PRS;PRF;POL,0.0,0.0,ɡʱ ɹ i n a k ɔ ɹ e t͡ʃʰ e n,3,V,3,PRS,PRF,POL,,,,,
ঘৃণা করা,ঘৃণা করবে,V;3;FUT;INFM,0.0,0.0,ɡʱ ɹ i n a k ɔ ɹ b e,0,V,3,FUT,INFM,,,,,,
ঘৃণা করা,ঘৃণা করলি,V;2;PST;LGSPEC1,0.0,0.0,ɡʱ ɹ i n a k ɔ ɹ o l i,1,V,2,PST,LGSPEC1,,,,,,
ঘৃণা করা,ঘৃণা করেকরে,V;V.PTCP;HAB,0.0,0.0,ɡʱ ɹ i n a k ɔ ɹ e k ɔ ɹ e,4,V,V.PTCP,HAB,,,,,,,
ঘৃণা করা,ঘৃণা করেছিলেন,V;3;PST;PRF;POL,0.0,0.0,ɡʱ ɹ i n a k ɔ ɹ e t͡ʃʰ i l e n,1,V,3,PST,PRF,POL,,,,,
ঘৃণা করা,ঘৃণা করো,V;3;PRS;INFM,0.0,0.0,ɡʱ ɹ i n a k o ɹ o,0,V,3,PRS,INFM,,,,,,
ঘৃণা করা,ঘৃণা করেছিস,V;2;PRS;PRF;LGSPEC1,0.0,0.0,ɡʱ ɹ i n a k ɔ ɹ e t͡ʃʰ i ʃ,4,V,2,PRS,PRF,LGSPEC1,,,,,
ঘৃণা করা,ঘৃণা করছিলেন,V;3;PST;PROG;POL,0.0,0.0,ɡʱ ɹ i n a k o ɹ t͡ʃʰ i l e n,0,V,3,PST,PROG,POL,,,,,
ঘৃণা করা,ঘৃণা করছেন,V;3;PRS;PROG;POL,0.0,0.0,ɡʱ ɹ i n a k ɔ ɹ t͡ʃʰ e n,2,V,3,PRS,PROG,POL,,,,,
ঘৃণা করা,ঘৃণা করতে,V;3;PST;HAB;INFM,0.0,0.0,ɡʱ ɹ i n a k ɔ ɹ o t̪ e,2,V,3,PST,HAB,INFM,,,,,
ঘৃণা করা,ঘৃণা করবি,V;2;FUT;LGSPEC1,0.0,0.0,ɡʱ ɹ i n a k ɔ ɹ o b i,3,V,2,FUT,LGSPEC1,,,,,,
ঘৃণা করা,ঘৃণা করছিলাম,V;1;PST;PROG,0.0,0.0,ɡʱ ɹ i n a k o ɹ t͡ʃʰ i l a m,4,V,1,PST,PROG,,,,,,
ঘৃণা করা,ঘৃণা করছি,V;1;PRS;PROG,0.0,0.0,ɡʱ ɹ i n a k ɔ ɹ o t͡ʃʰ i,4,V,1,PRS,PROG,,,,,,
ঘৃণা করা,ঘৃণা করেছিলো,V;2;PST;PRF;POL,0.0,0.0,ɡʱ ɹ i n a k ɔ ɹ e t͡ʃʰ i l o,0,V,2,PST,PRF,POL,,,,,
ঘৃণা করা,ঘৃণা করে,V;V.PTCP;PRF,0.0,0.0,ɡʱ ɹ i n a k ɔ ɹ e,2,V,V.PTCP,PRF,,,,,,,
ঘৃণা করা,ঘৃণা করতে,V;V.NFIN,0.0,0.0,ɡʱ ɹ i n a k ɔ ɹ o t̪ e,4,V,V.NFIN,,,,,,,,
ঘৃণা করা,ঘৃণা করেছো,V;3;PRS;PRF;INFM,0.0,0.0,ɡʱ ɹ i n a k ɔ ɹ e t͡ʃʰ o,3,V,3,PRS,PRF,INFM,,,,,
ঘৃণা করা,ঘৃণা করবেন,V;3;FUT;POL,0.0,0.0,ɡʱ ɹ i n a k ɔ ɹ b e n,4,V,3,FUT,POL,,,,,,
ঘৃণা করা,ঘৃণা করছে,V;2;PRS;PROG;POL,0.0,0.0,ɡʱ ɹ i n a k ɔ ɹ o t͡ʃʰ e,3,V,2,PRS,PROG,POL,,,,,
ঘৃণা করা,ঘৃণা করে,V;2;PRS;POL,0.0,0.0,ɡʱ ɹ i n a k ɔ ɹ e,0,V,2,PRS,POL,,,,,,
ঘৃণা করা,ঘৃণা করতো,V;2;PST;HAB;POL,0.0,0.0,ɡʱ ɹ i n a k ɔ ɹ o t̪ o,4,V,2,PST,HAB,POL,,,,,
ঘৃণা করা,ঘৃণা করেছিলে,V;3;PST;PRF;INFM,0.0,0.0,ɡʱ ɹ i n a k ɔ ɹ e t͡ʃʰ i l e,2,V,3,PST,PRF,INFM,,,,,
ঘৃণা করা,ঘৃণা করবো,V;1;FUT,0.0,0.0,ɡʱ ɹ i n a k ɔ ɹ o b o,4,V,1,FUT,,,,,,,
ঘৃণা করা,ঘৃণা করতিস,V;2;PST;HAB;LGSPEC1,0.0,0.0,ɡʱ ɹ i n a k ɔ ɹ o t̪ i ʃ,0,V,2,PST,HAB,LGSPEC1,,,,,
ঘৃণা করা,ঘৃণা করি,V;1;PRS,0.0,0.0,ɡʱ ɹ i n a k o ɹ i,0,V,1,PRS,,,,,,,
ঘৃণা করা,ঘৃণা করছিলি,V;2;PST;PROG;LGSPEC1,0.0,0.0,ɡʱ ɹ i n a k o ɹ t͡ʃʰ i l i,2,V,2,PST,PROG,LGSPEC1,,,,,
ঘৃণা করা,ঘৃণা করবে,V;2;FUT;POL,0.0,0.0,ɡʱ ɹ i n a k ɔ ɹ b e,3,V,2,FUT,POL,,,,,,
ঘৃণা করা,ঘৃণা করা,V;V.MSDR,0.0,0.0,ɡʱ ɹ i n a k ɔ ɹ a,4,V,V.MSDR,,,,,,,,
ঘৃণা করা,ঘৃণা করলাম,V;1;PST,0.0,0.0,ɡʱ ɹ i n a k ɔ ɹ l a m,3,V,1,PST,,,,,,,
ঘৃণা করা,ঘৃণা করেন,V;3;PRS;POL,0.0,0.0,ɡʱ ɹ i n a k ɔ ɹ e n,2,V,3,PRS,POL,,,,,,
ঘৃণা করা,ঘৃণা করতেন,V;3;PST;HAB;POL,0.0,0.0,ɡʱ ɹ i n a k ɔ ɹ t̪ e n,0,V,3,PST,HAB,POL,,,,,
ঘৃণা করা,ঘৃণা করেছিলি,V;2;PST;PRF;LGSPEC1,0.0,0.0,ɡʱ ɹ i n a k ɔ ɹ e t͡ʃʰ i l i,4,V,2,PST,PRF,LGSPEC1,,,,,
ঘৃণা করা,ঘৃণা করলে,V;V.PTCP;COND,0.0,0.0,ɡʱ ɹ i n a k ɔ ɹ l e,4,V,V.PTCP,COND,,,,,,,
ঘৃণা করা,ঘৃণা করছো,V;3;PRS;PROG;INFM,0.0,0.0,ɡʱ ɹ i n a k ɔ ɹ o t͡ʃʰ o,3,V,3,PRS,PROG,INFM,,,,,
ঘৃণা করা,ঘৃণা করতাম,V;1;PST;HAB,0.0,0.0,ɡʱ ɹ i n a k ɔ ɹ t̪ a m,2,V,1,PST,HAB,,,,,,
ঘৃণা করা,ঘৃণা করেছে,V;2;PRS;PRF;POL,0.0,0.0,ɡʱ ɹ i n a k ɔ ɹ e t͡ʃʰ e,0,V,2,PRS,PRF,POL,,,,,
ঘৃণা করা,ঘৃণা করছিলে,V;3;PST;PROG;INFM,0.0,0.0,ɡʱ ɹ i n a k o ɹ t͡ʃʰ i l e,0,V,3,PST,PROG,INFM,,,,,
ঘৃণা করা,ঘৃণা করেছিলাম,V;1;PST;PRF,0.0,0.0,ɡʱ ɹ i n a k ɔ ɹ e t͡ʃʰ i l a m,4,V,1,PST,PRF,,,,,,
ঘৃণা করা,ঘৃণা করিস,V;2;PRS;LGSPEC1,0.0,0.0,ɡʱ ɹ i n a k ɔ ɹ i ʃ,0,V,2,PRS,LGSPEC1,,,,,,
ঢুকানো,ঢুকালো,V;2;PST;POL,0.0,1.4565217391304347e-06,dʱ u k a l o,3,V,2,PST,POL,,,,,,
ঢুকানো,ঢুকিয়েছি,V;1;PRS;PRF,0.0,1.4565217391304347e-06,dʱ u k i̯ e t͡ʃʰ i,4,V,1,PRS,PRF,,,,,,
ঢুকানো,ঢুকাচ্ছিলো,V;2;PST;PROG;POL,0.0,1.4565217391304347e-06,dʱ u k a t͡ʃʰː i l o,1,V,2,PST,PROG,POL,,,,,
ঢুকানো,ঢুকাচ্ছিস,V;2;PRS;PROG;LGSPEC1,0.0,1.4565217391304347e-06,dʱ u k a t͡ʃʰː i ʃ,3,V,2,PRS,PROG,LGSPEC1,,,,,
ঢুকানো,ঢুকালে,V;3;PST;INFM,3e-06,1.4565217391304347e-06,dʱ u k a l e,0,V,3,PST,INFM,,,,,,
ঢুকানো,ঢুকাতে,V;V.PTCP;PROG,1.1e-05,1.4565217391304347e-06,dʱ u k a t̪ e,3,V,V.PTCP,PROG,,,,,,,
ঢুকানো,ঢুকালেন,V;3;PST;POL,0.0,1.4565217391304347e-06,dʱ u k a l e n,4,V,3,PST,POL,,,,,,
ঢুকানো,ঢুকিয়েছেন,V;3;PRS;PRF;POL,0.0,1.4565217391304347e-06,dʱ u k i̯ e t͡ʃʰ e n,1,V,3,PRS,PRF,POL,,,,,
ঢুকানো,ঢুকাবে,V;3;FUT;INFM,1e-06,1.4565217391304347e-06,dʱ u k a b e,4,V,3,FUT,INFM,,,,,,
ঢুকানো,ঢুকালি,V;2;PST;LGSPEC1,0.0,1.4565217391304347e-06,dʱ u k a l i,4,V,2,PST,LGSPEC1,,,,,,
ঢুকানো,ঢুকায়,V;V.PTCP;HAB,0.0,1.4565217391304347e-06,dʱ u k a e̯,2,V,V.PTCP,HAB,,,,,,,
ঢুকানো,ঢুকিয়েছিলেন,V;3;PST;PRF;POL,0.0,1.4565217391304347e-06,dʱ u k i̯ e t͡ʃʰ i l e n,1,V,3,PST,PRF,POL,,,,,
ঢুকানো,ঢুকাও,V;3;PRS;INFM,0.0,1.4565217391304347e-06,dʱ u k a o̯,0,V,3,PRS,INFM,,,,,,
ঢুকানো,ঢুকিয়েছিস,V;2;PRS;PRF;LGSPEC1,0.0,1.4565217391304347e-06,dʱ u k i̯ e t͡ʃʰ i ʃ,0,V,2,PRS,PRF,LGSPEC1,,,,,
ঢুকানো,ঢুকাচ্ছিলেন,V;3;PST;PROG;POL,0.0,1.4565217391304347e-06,dʱ u k a t͡ʃʰː i l e n,3,V,3,PST,PROG,POL,,,,,
ঢুকানো,ঢুকাচ্ছেন,V;3;PRS;PROG;POL,0.0,1.4565217391304347e-06,dʱ u k a t͡ʃʰː e n,2,V,3,PRS,PROG,POL,,,,,
ঢুকানো,ঢুকাতে,V;3;PST;HAB;INFM,1.1e-05,1.4565217391304347e-06,dʱ u k a t̪ e,1,V,3,PST,HAB,INFM,,,,,
ঢুকানো,ঢুকাবি,V;2;FUT;LGSPEC1,0.0,1.4565217391304347e-06,dʱ u k a b i,0,V,2,FUT,LGSPEC1,,,,,,
ঢুকানো,ঢুকাচ্ছিলাম,V;1;PST;PROG,0.0,1.4565217391304347e-06,dʱ u k a t͡ʃʰː i l a m,1,V,1,PST,PROG,,,,,,
ঢুকানো,ঢুকাচ্ছি,V;1;PRS;PROG,0.0,1.4565217391304347e-06,dʱ u k a t͡ʃʰː i,0,V,1,PRS,PROG,,,,,,
ঢুকানো,ঢুকিয়েছিলো,V;2;PST;PRF;POL,0.0,1.4565217391304347e-06,dʱ u k i̯ e t͡ʃʰ i l o,2,V,2,PST,PRF,POL,,,,,
ঢুকানো,ঢুকায়,V;V.PTCP;PRF,0.0,1.4565217391304347e-06,dʱ u k a e̯,0,V,V.PTCP,PRF,,,,,,,
ঢুকানো,ঢুকাতে,V;V.NFIN,1.1e-05,1.4565217391304347e-06,dʱ u k a t̪ e,4,V,V.NFIN,,,,,,,,
ঢুকানো,ঢুকিয়েছো,V;3;PRS;PRF;INFM,0.0,1.4565217391304347e-06,dʱ u k i̯ e t͡ʃʰ o,0,V,3,PRS,PRF,INFM,,,,,
ঢুকানো,ঢুকাবেন,V;3;FUT;POL,4e-06,1.4565217391304347e-06,dʱ u k a b e n,4,V,3,FUT,POL,,,,,,
ঢুকানো,ঢুকাচ্ছে,V;2;PRS;PROG;POL,0.0,1.4565217391304347e-06,dʱ u k a t͡ʃʰː e,0,V,2,PRS,PROG,POL,,,,,
ঢুকানো,ঢুকায়,V;2;PRS;POL,0.0,1.4565217391304347e-06,dʱ u k a e̯,0,V,2,PRS,POL,,,,,,
ঢুকানো,ঢুকাতো,V;2;PST;HAB;POL,1e-06,1.4565217391304347e-06,dʱ u k a t̪ o,1,V,2,PST,HAB,POL,,,,,
ঢুকানো,ঢুকিয়েছিলে,V;3;PST;PRF;INFM,0.0,1.4565217391304347e-06,dʱ u k i̯ e t͡ʃʰ i l e,3,V,3,PST,PRF,INFM,,,,,
ঢুকানো,ঢুকাবো,V;1;FUT,0.0,1.4565217391304347e-06,dʱ u k a b o,2,V,1,FUT,,,,,,,
ঢুকানো,ঢুকাতিস,V;2;PST;HAB;LGSPEC1,0.0,1.4565217391304347e-06,dʱ u k a t̪ i ʃ,1,V,2,PST,HAB,LGSPEC1,,,,,
ঢুকানো,ঢুকাই,V;1;PRS,1e-06,1.4565217391304347e-06,dʱ u k a i̯,4,V,1,PRS,,,,,,,
ঢুকানো,ঢুকাচ্ছিলি,V;2;PST;PROG;LGSPEC1,0.0,1.4565217391304347e-06,dʱ u k a t͡ʃʰː i l i,0,V,2,PST,PROG,LGSPEC1,,,,,
ঢুকানো,ঢুকাবে,V;2;FUT;POL,1e-06,1.4565217391304347e-06,dʱ u k a b e,2,V,2,FUT,POL,,,,,,
ঢুকানো,ঢুকানো,V;V.MSDR,1.5e-05,1.4565217391304347e-06,dʱ u k a n o,4,V,V.MSDR,,,,,,,,
ঢুকানো,ঢুকালাম,V;1;PST,0.0,1.4565217391304347e-06,dʱ u k a l a m,4,V,1,PST,,,,,,,
ঢুকানো,ঢুকান,V;3;PRS;POL,5e-06,1.4565217391304347e-06,dʱ u k a n,3,V,3,PRS,POL,,,,,,
ঢুকানো,ঢুকাতেন,V;3;PST;HAB;POL,0.0,1.4565217391304347e-06,dʱ u k a t̪ e n,1,V,3,PST,HAB,POL,,,,,
ঢুকানো,ঢুকিয়েছিলি,V;2;PST;PRF;LGSPEC1,0.0,1.4565217391304347e-06,dʱ u k i̯ e t͡ʃʰ i l i,4,V,2,PST,PRF,LGSPEC1,,,,,
ঢুকানো,ঢুকালে,V;V.PTCP;COND,3e-06,1.4565217391304347e-06,dʱ u k a l e,4,V,V.PTCP,COND,,,,,,,
ঢুকানো,ঢুকাচ্ছো,V;3;PRS;PROG;INFM,0.0,1.4565217391304347e-06,dʱ u k a t͡ʃʰː o,2,V,3,PRS,PROG,INFM,,,,,
ঢুকানো,ঢুকাতাম,V;1;PST;HAB,0.0,1.4565217391304347e-06,dʱ u k a t̪ a m,4,V,1,PST,HAB,,,,,,
ঢুকানো,ঢুকিয়েছে,V;2;PRS;PRF;POL,0.0,1.4565217391304347e-06,dʱ u k i̯ e t͡ʃʰ e,1,V,2,PRS,PRF,POL,,,,,
ঢুকানো,ঢুকাচ্ছিলে,V;3;PST;PROG;INFM,0.0,1.4565217391304347e-06,dʱ u k a t͡ʃʰː i l e,4,V,3,PST,PROG,INFM,,,,,
ঢুকানো,ঢুকিয়েছিলাম,V;1;PST;PRF,0.0,1.4565217391304347e-06,dʱ u k i̯ e t͡ʃʰ i l a m,0,V,1,PST,PRF,,,,,,
ঢুকানো,ঢুকাস,V;2;PRS;LGSPEC1,0.0,1.4565217391304347e-06,dʱ u k a ʃ,1,V,2,PRS,LGSPEC1,,,,,,
বিশেষ করা,বিশেষ করলো,V;2;PST;POL,0.0,0.0,b i ʃ e ʃ o k ɔ ɹ l o,4,V,2,PST,POL,,,,,,
বিশেষ করা,বিশেষ করেছি,V;1;PRS;PRF,0.0,0.0,b i ʃ e ʃ o k ɹ e t͡ʃʰ i,2,V,1,PRS,PRF,,,,,,
বিশেষ করা,বিশেষ করছিলো,V;2;PST;PROG;POL,0.0,0.0,b i ʃ e ʃ o k ɔ ɹ t͡ʃʰ i l o,2,V,2,PST,PROG,POL,,,,,
বিশেষ করা,বিশেষ করছিস,V;2;PRS;PROG;LGSPEC1,0.0,0.0,b i ʃ e ʃ o k ɔ ɹ t͡ʃʰ i ʃ,1,V,2,PRS,PROG,LGSPEC1,,,,,
বিশেষ করা,বিশেষ করলে,V;3;PST;INFM,0.0,0.0,b i ʃ e ʃ o k ɔ ɹ l e,2,V,3,PST,INFM,,,,,,
বিশেষ করা,বিশেষ করতেকরতে,V;V.PTCP;PROG,0.0,0.0,b i ʃ e ʃ o k o ɹ t̪ e k ɔ ɹ o t̪ e,0,V,V.PTCP,PROG,,,,,,,
বিশেষ করা,বিশেষ করলেন,V;3;PST;POL,0.0,0.0,b i ʃ e ʃ o k ɔ ɹ l e n,3,V,3,PST,POL,,,,,,
বিশেষ করা,বিশেষ করেছেন,V;3;PRS;PRF;POL,0.0,0.0,b i ʃ e ʃ o k ɹ e t͡ʃʰ e n,3,V,3,PRS,PRF,POL,,,,,
বিশেষ করা,বিশেষ করবে,V;3;FUT;INFM,0.0,0.0,b i ʃ e ʃ o k ɔ ɹ b e,3,V,3,FUT,INFM,,,,,,
বিশেষ করা,বিশেষ করলি,V;2;PST;LGSPEC1,0.0,0.0,b i ʃ e ʃ o k ɔ ɹ o l i,4,V,2,PST,LGSPEC1,,,,,,
বিশেষ করা,বিশেষ করেকরে,V;V.PTCP;HAB,0.0,0.0,b i ʃ e ʃ o k ɹ e k ɔ ɹ e,3,V,V.PTCP,HAB,,,,,,,
বিশেষ করা,বিশেষ করেছিলেন,V;3;PST;PRF;POL,0.0,0.0,b i ʃ e ʃ o k ɔ ɹ e t͡ʃʰ i l e n,1,V,3,PST,PRF,POL,,,,,
বিশেষ করা,বিশেষ করো,V;3;PRS;INFM,0.0,0.0,b i ʃ e ʃ k o ɹ o,1,V,3,PRS,INFM,,,,,,
বিশেষ করা,বিশেষ করেছিস,V;2;PRS;PRF;LGSPEC1,0.0,0.0,b i ʃ e ʃ o k ɹ e t͡ʃʰ i ʃ,1,V,2,PRS,PRF,LGSPEC1,,,,,
বিশেষ করা,বিশেষ করছিলেন,V;3;PST;PROG;POL,0.0,0.0,b i ʃ e ʃ o k o ɹ t͡ʃʰ i l e n,2,V,3,PST,PROG,POL,,,,,
বিশেষ করা,বিশেষ করছেন,V;3;PRS;PROG;POL,0.0,0.0,b i ʃ e ʃ o k ɔ ɹ t͡ʃʰ e n,4,V,3,PRS,PROG,POL,,,,,
বিশেষ করা,বিশেষ করতে,V;3;PST;HAB;INFM,0.0,0.0,b i ʃ e ʃ o k ɔ ɹ o t̪ e,2,V,3,PST,HAB,INFM,,,,,
বিশেষ করা,বিশেষ করবি,V;2;FUT;LGSPEC1,0.0,0.0,b i ʃ e ʃ o k ɔ ɹ b i,3,V,2,FUT,LGSPEC1,,,,,,
বিশেষ করা,বিশেষ করছিলাম,V;1;PST;PROG,0.0,0.0,b i ʃ e ʃ o k o ɹ t͡ʃʰ i l a m,3,V,1,PST,PROG,,,,,,
বিশেষ করা,বিশেষ করছি,V;1;PRS;PROG,0.0,0.0,b i ʃ e ʃ o k ɔ ɹ o t͡ʃʰ i,0,V,1,PRS,PROG,,,,,,
বিশেষ করা,বিশেষ করেছিলো,V;2;PST;PRF;POL,0.0,0.0,b i ʃ e ʃ o k ɾ e t͡ʃʰ i l o,3,V,2,PST,PRF,POL,,,,,
বিশেষ করা,বিশেষ করে,V;V.PTCP;PRF,0.0,0.0,b i ʃ e ʃ k ɔ ɹ e,0,V,V.PTCP,PRF,,,,,,,
বিশেষ করা,বিশেষ করতে,V;V.NFIN,0.0,0.0,b i ʃ e ʃ o k ɔ ɹ o t̪ e,0,V,V.NFIN,,,,,,,,
বিশেষ করা,বিশেষ করেছো,V;3;PRS;PRF;INFM,0.0,0.0,b i ʃ e ʃ o k ɹ e t͡ʃʰ o,2,V,3,PRS,PRF,INFM,,,,,
বিশেষ করা,বিশেষ করবেন,V;3;FUT;POL,0.0,0.0,b i ʃ e ʃ o k ɔ ɹ b e n,3,V,3,FUT,POL,,,,,,
বিশেষ করা,বিশেষ করছে,V;2;PRS;PROG;POL,0.0,0.0,b i ʃ e ʃ o k ɔ ɹ o t͡ʃʰ e,4,V,2,PRS,PROG,POL,,,,,
বিশেষ করা,বিশেষ করে,V;2;PRS;POL,0.0,0.0,b i ʃ e ʃ k ɔ ɹ e,2,V,2,PRS,POL,,,,,,
বিশেষ করা,বিশেষ করতো,V;2;PST;HAB;POL,0.0,0.0,b i ʃ e ʃ o k ɔ ɹ o t̪ o,0,V,2,PST,HAB,POL,,,,,
বিশেষ করা,বিশেষ করেছিলে,V;3;PST;PRF;INFM,0.0,0.0,b i ʃ e ʃ o k ɔ ɹ e t͡ʃʰ i l e,4,V,3,PST,PRF,INFM,,,,,
বিশেষ করা,বিশেষ করবো,V;1;FUT,0.0,0.0,b i ʃ e ʃ o k ɔ ɹ b o,3,V,1,FUT,,,,,,,
বিশেষ করা,বিশেষ করতিস,V;2;PST;HAB;LGSPEC1,0.0,0.0,b i ʃ e ʃ o k ɔ ɹ o t̪ i ʃ,4,V,2,PST,HAB,LGSPEC1,,,,,
বিশেষ করা,বিশেষ করি,V;1;PRS,0.0,0.0,b i ʃ e ʃ k ɔ ɹ i,4,V,1,PRS,,,,,,,
বিশেষ করা,বিশেষ করছিলি,V;2;PST;PROG;LGSPEC1,0.0,0.0,b i ʃ e ʃ o k ɔ ɹ t͡ʃʰ i l i,1,V,2,PST,PROG,LGSPEC1,,,,,
বিশেষ করা,বিশেষ করবে,V;2;FUT;POL,0.0,0.0,b i ʃ e ʃ o k ɔ ɹ b e,4,V,2,FUT,POL,,,,,,
বিশেষ করা,বিশেষ করা,V;V.MSDR,0.0,0.0,b i ʃ e ʃ k ɔ ɹ a,0,V,V.MSDR,,,,,,,,
বিশেষ করা,বিশেষ করলাম,V;1;PST,0.0,0.0,b i ʃ e ʃ o k ɔ ɹ l a m,0,V,1,PST,,,,,,,
বিশেষ করা,বিশেষ করেন,V;3;PRS;POL,0.0,0.0,b i ʃ e ʃ k ɔ ɹ e n,2,V,3,PRS,POL,,,,,,
বিশেষ করা,বিশেষ করতেন,V;3;PST;HAB;POL,0.0,0.0,b i ʃ e ʃ o k ɔ ɹ t̪ e n,3,V,3,PST,HAB,POL,,,,,
বিশেষ করা,বিশেষ করেছিলি,V;2;PST;PRF;LGSPEC1,0.0,0.0,b i ʃ e ʃ o k ɾ e t͡ʃʰ i l i,0,V,2,PST,PRF,LGSPEC1,,,,,
বিশেষ করা,বিশেষ করলে,V;V.PTCP;COND,0.0,0.0,b i ʃ e ʃ o k ɔ ɹ l e,2,V,V.PTCP,COND,,,,,,,
বিশেষ করা,বিশেষ করছো,V;3;PRS;PROG;INFM,0.0,0.0,b i ʃ e ʃ o k ɔ ɹ o t͡ʃʰ o,3,V,3,PRS,PROG,INFM,,,,,
বিশেষ করা,বিশেষ করতাম,V;1;PST;HAB,0.0,0.0,b i ʃ e ʃ o k ɔ ɹ t̪ a m,0,V,1,PST,HAB,,,,,,
বিশেষ করা,বিশেষ করেছে,V;2;PRS;PRF;POL,0.0,0.0,b i ʃ e ʃ o k ɹ e t͡ʃʰ e,3,V,2,PRS,PRF,POL,,,,,
বিশেষ করা,বিশেষ করছিলে,V;3;PST;PROG;INFM,0.0,0.0,b i ʃ e ʃ o k ɔ ɹ t͡ʃʰ i l e,4,V,3,PST,PROG,INFM,,,,,
বিশেষ করা,বিশেষ করেছিলাম,V;1;PST;PRF,0.0,0.0,b i ʃ e ʃ o k ɹ e t͡ʃʰ i l a m,4,V,1,PST,PRF,,,,,,
বিশেষ করা,বিশেষ করিস,V;2;PRS;LGSPEC1,0.0,0.0,b i ʃ e ʃ o k ɔ ɹ i ʃ,4,V,2,PRS,LGSPEC1,,,,,,
চেনা,চিনলো,V;2;PST;POL,0.0,3.808695652173913e-05,t͡ʃ i n l o,4,V,2,PST,POL,,,,,,
চেনা,চিনেছি,V;1;PRS;PRF,2e-06,3.808695652173913e-05,t͡ʃ i n e t͡ʃʰ i,2,V,1,PRS,PRF,,,,,,
চেনা,চিনছিলো,V;2;PST;PROG;POL,0.0,3.808695652173913e-05,t͡ʃ i n t͡ʃʰ i l o,3,V,2,PST,PROG,POL,,,,,
চেনা,চিনছিস,V;2;PRS;PROG;LGSPEC1,0.0,3.808695652173913e-05,t͡ʃ i n t͡ʃʰ i ʃ,0,V,2,PRS,PROG,LGSPEC1,,,,,
চেনা,চিনলে,V;3;PST;INFM,5e-06,3.808695652173913e-05,t͡ʃ i n l e,3,V,3,PST,INFM,,,,,,
চেনা,চিনতে,V;V.PTCP;PROG,0.000158,3.808695652173913e-05,t͡ʃ i n t̪ e,2,V,V.PTCP,PROG,,,,,,,
চেনা,চিনলেন,V;3;PST;POL,0.0,3.808695652173913e-05,t͡ʃ i n l e n,0,V,3,PST,POL,,,,,,
চেনা,চিনেছেন,V;3;PRS;PRF;POL,3e-06,3.808695652173913e-05,t͡ʃ i n e t͡ʃʰ e n,1,V,3,PRS,PRF,POL,,,,,
চেনা,চিনবে,V;3;FUT;INFM,7e-06,3.808695652173913e-05,t͡ʃ i n b e,3,V,3,FUT,INFM,,,,,,
চেনা,চিনলি,V;2;PST;LGSPEC1,0.0,3.808695652173913e-05,t͡ʃ i n l i,0,V,2,PST,LGSPEC1,,,,,,
চেনা,চিনে,V;V.PTCP;HAB,0.000137,3.808695652173913e-05,t͡ʃ i n e,1,V,V.PTCP,HAB,,,,,,,
চেনা,চিনেছিলেন,V;3;PST;PRF;POL,0.0,3.808695652173913e-05,t͡ʃ i n e t͡ʃʰ i l e n,3,V,3,PST,PRF,POL,,,,,
চেনা,চেনো,V;3;PRS;INFM,1e-06,3.808695652173913e-05,t͡ʃ e n o,4,V,3,PRS,INFM,,,,,,
চেনা,চিনেছিস,V;2;PRS;PRF;LGSPEC1,0.0,3.808695652173913e-05,t͡ʃ i n e t͡ʃʰ i ʃ,2,V,2,PRS,PRF,LGSPEC1,,,,,
চেনা,চিনছিলেন,V;3;PST;PROG;POL,0.0,3.808695652173913e-05,t͡ʃ i n t͡ʃʰ i l e n,2,V,3,PST,PROG,POL,,,,,
চেনা,চিনছেন,V;3;PRS;PROG;POL,0.0,3.808695652173913e-05,t͡ʃ i n t͡ʃʰ e n,1,V,3,PRS,PROG,POL,,,,,
চেনা,চিনতে,V;3;PST;HAB;INFM,0.000158,3.808695652173913e-05,t͡ʃ i n t̪ e,4,V,3,PST,HAB,INFM,,,,,
চেনা,চিনবি,V;2;FUT;LGSPEC1,0.0,3.808695652173913e-05,t͡ʃ i n b i,2,V,2,FUT,LGSPEC1,,,,,,
চেনা,চিনছিলাম,V;1;PST;PROG,0.0,3.808695652173913e-05,t͡ʃ i n t͡ʃʰ i l a m,4,V,1,PST,PROG,,,,,,
চেনা,চিনছি,V;1;PRS;PROG,1e-06,3.808695652173913e-05,t͡ʃ i n t͡ʃʰ i,0,V,1,PRS,PROG,,,,,,
চেনা,চিনেছিলো,V;2;PST;PRF;POL,0.0,3.808695652173913e-05,t͡ʃ i n e t͡ʃʰ i l o,1,V,2,PST,PRF,POL,,,,,
চেনা,চিনে,V;V.PTCP;PRF,0.000137,3.808695652173913e-05,t͡ʃ i n e,3,V,V.PTCP,PRF,,,,,,,
চেনা,চিনতে,V;V.NFIN,0.000158,3.808695652173913e-05,t͡ʃ i n t̪ e,4,V,V.NFIN,,,,,,,,
চেনা,চিনেছো,V;3;PRS;PRF;INFM,0.0,3.808695652173913e-05,t͡ʃ i n e t͡ʃʰ o,1,V,3,PRS,PRF,INFM,,,,,
চেনা,চিনবেন,V;3;FUT;POL,1.7e-05,3.808695652173913e-05,t͡ʃ i n b e n,1,V,3,FUT,POL,,,,,,
চেনা,চিনছে,V;2;PRS;PROG;POL,0.0,3.808695652173913e-05,t͡ʃ i n t͡ʃʰ e,0,V,2,PRS,PROG,POL,,,,,
চেনা,চেনে,V;2;PRS;POL,0.000131,3.808695652173913e-05,t͡ʃ e n e,3,V,2,PRS,POL,,,,,,
চেনা,চিনতো,V;2;PST;HAB;POL,3e-06,3.808695652173913e-05,t͡ʃ i n o t̪ o,4,V,2,PST,HAB,POL,,,,,
চেনা,চিনেছিলে,V;3;PST;PRF;INFM,0.0,3.808695652173913e-05,t͡ʃ i n e t͡ʃʰ i l e,0,V,3,PST,PRF,INFM,,,,,
চেনা,চিনবো,V;1;FUT,1e-06,3.808695652173913e-05,t͡ʃ i n b o,2,V,1,FUT,,,,,,,
চেনা,চিনতিস,V;2;PST;HAB;LGSPEC1,0.0,3.808695652173913e-05,t͡ʃ i n t̪ i ʃ,0,V,2,PST,HAB,LGSPEC1,,,,,
চেনা,চিনি,V;1;PRS,0.000636,3.808695652173913e-05,t͡ʃ i n i,1,V,1,PRS,,,,,,,
চেনা,চিনছিলি,V;2;PST;PROG;LGSPEC1,0.0,3.808695652173913e-05,t͡ʃ i n t͡ʃʰ i l i,3,V,2,PST,PROG,LGSPEC1,,,,,
চেনা,চিনবে,V;2;FUT;POL,7e-06,3.808695652173913e-05,t͡ʃ i n b e,0,V,2,FUT,POL,,,,,,
চেনা,চেনা,V;V.MSDR,0.000119,3.808695652173913e-05,t͡ʃ e n a,1,V,V.MSDR,,,,,,,,
চেনা,চিনলাম,V;1;PST,1e-06,3.808695652173913e-05,t͡ʃ i n l a m,4,V,1,PST,,,,,,,
চেনা,চেনেন,V;3;PRS;POL,4.5e-05,3.808695652173913e-05,t͡ʃ e n e n,0,V,3,PRS,POL,,,,,,
চেনা,চিনতেন,V;3;PST;HAB;POL,7e-06,3.808695652173913e-05,t͡ʃ i n t̪ e n,3,V,3,PST,HAB,POL,,,,,
চেনা,চিনেছিলি,V;2;PST;PRF;LGSPEC1,0.0,3.808695652173913e-05,t͡ʃ i n e t͡ʃʰ i l i,2,V,2,PST,PRF,LGSPEC1,,,,,
চেনা,চিনলে,V;V.PTCP;COND,5e-06,3.808695652173913e-05,t͡ʃ i n l e,1,V,V.PTCP,COND,,,,,,,
চেনা,চিনছো,V;3;PRS;PROG;INFM,0.0,3.808695652173913e-05,t͡ʃ i n s o,2,V,3,PRS,PROG,INFM,,,,,
চেনা,চিনতাম,V;1;PST;HAB,1e-05,3.808695652173913e-05,t͡ʃ i n t̪ a m,0,V,1,PST,HAB,,,,,,
চেনা,চিনেছে,V;2;PRS;PRF;POL,1e-06,3.808695652173913e-05,t͡ʃ i n e t͡ʃʰ e,1,V,2,PRS,PRF,POL,,,,,
চেনা,চিনছিলে,V;3;PST;PROG;INFM,0.0,3.808695652173913e-05,t͡ʃ i n t͡ʃʰ i l e,1,V,3,PST,PROG,INFM,,,,,
চেনা,চিনেছিলাম,V;1;PST;PRF,0.0,3.808695652173913e-05,t͡ʃ i n e t͡ʃʰ i l a m,3,V,1,PST,PRF,,,,,,
চেনা,চিনিস,V;2;PRS;LGSPEC1,2e-06,3.808695652173913e-05,t͡ʃ i n i ʃ,3,V,2,PRS,LGSPEC1,,,,,,
গেলা,গিল্লো,V;2;PST;POL,0.0,0.000125652173913,ɡ i lː o,0,V,2,PST,POL,,,,,,
গেলা,গিলেছি,V;1;PRS;PRF,0.0,0.000125652173913,ɡ i l e t͡ʃʰ i,4,V,1,PRS,PRF,,,,,,
গেলা,গিলছিলো,V;2;PST;PROG;POL,0.0,0.000125652173913,ɡ i l t͡ʃʰ i l o,0,V,2,PST,PROG,POL,,,,,
গেলা,গিলছিস,V;2;PRS;PROG;LGSPEC1,0.0,0.000125652173913,ɡ i l t͡ʃʰ i ʃ,0,V,2,PRS,PROG,LGSPEC1,,,,,
গেলা,গিল্লে,V;3;PST;INFM,0.0,0.000125652173913,ɡ i lː e,0,V,3,PST,INFM,,,,,,
গেলা,গিলতে,V;V.PTCP;PROG,1.5e-05,0.000125652173913,ɡ i l t̪ e,0,V,V.PTCP,PROG,,,,,,,
গেলা,গিল্লেন,V;3;PST;POL,0.0,0.000125652173913,ɡ i lː e n,4,V,3,PST,POL,,,,,,
গেলা,গিলেছেন,V;3;PRS;PRF;POL,1e-06,0.000125652173913,ɡ i l e t͡ʃʰ e n,3,V,3,PRS,PRF,POL,,,,,
গেলা,গিলবে,V;3;FUT;INFM,1e-06,0.000125652173913,ɡ i l b e,1,V,3,FUT,INFM,,,,,,
গেলা,গিল্লি,V;2;PST;LGSPEC1,0.0,0.000125652173913,ɡ i lː i,0,V,2,PST,LGSPEC1,,,,,,
গেলা,গিলে,V;V.PTCP;HAB,5.4e-05,0.000125652173913,ɡ i l e,4,V,V.PTCP,HAB,,,,,,,
গেলা,গিলেছিলেন,V;3;PST;PRF;POL,0.0,0.000125652173913,ɡ i l e t͡ʃʰ i l e n,4,V,3,PST,PRF,POL,,,,,
গেলা,গেলো,V;3;PRS;INFM,0.000293,0.000125652173913,ɡ e l o,2,V,3,PRS,INFM,,,,,,
গেলা,গিলেছিস,V;2;PRS;PRF;LGSPEC1,0.0,0.000125652173913,ɡ i l e t͡ʃʰ i ʃ,3,V,2,PRS,PRF,LGSPEC1,,,,,
গেলা,গিলছিলেন,V;3;PST;PROG;POL,0.0,0.000125652173913,ɡ i l t͡ʃʰ i l e n,4,V,3,PST,PROG,POL,,,,,
গেলা,গিলছেন,V;3;PRS;PROG;POL,0.0,0.000125652173913,ɡ i l t͡ʃʰ e n,1,V,3,PRS,PROG,POL,,,,,
গেলা,গিলতে,V;3;PST;HAB;INFM,1.5e-05,0.000125652173913,ɡ i l t̪ e,3,V,3,PST,HAB,INFM,,,,,
গেলা,গিলবি,V;2;FUT;LGSPEC1,0.0,0.000125652173913,ɡ i l b i,0,V,2,FUT,LGSPEC1,,,,,,
গেলা,গিলছিলাম,V;1;PST;PROG,0.0,0.000125652173913,ɡ i l t͡ʃʰ i l a m,0,V,1,PST,PROG,,,,,,
গেলা,গিলছি,V;1;PRS;PROG,2e-06,0.000125652173913,ɡ i l t͡ʃʰ i,4,V,1,PRS,PROG,,,,,,
গেলা,গিলেছিলো,V;2;PST;PRF;POL,0.0,0.000125652173913,ɡ i l e t͡ʃʰ i l o,0,V,2,PST,PRF,POL,,,,,
গেলা,গিলে,V;V.PTCP;PRF,5.4e-05,0.000125652173913,ɡ i l e,4,V,V.PTCP,PRF,,,,,,,
গেলা,গিলতে,V;V.NFIN,1.5e-05,0.000125652173913,ɡ i l t̪ e,3,V,V.NFIN,,,,,,,,
গেলা,গিলেছো,V;3;PRS;PRF;INFM,0.0,0.000125652173913,ɡ i l e t͡ʃʰ o,3,V,3,PRS,PRF,INFM,,,,,
গেলা,গিলবেন,V;3;FUT;POL,0.0,0.000125652173913,ɡ i l b e n,2,V,3,FUT,POL,,,,,,
গেলা,গিলছে,V;2;PRS;PROG;POL,0.0,0.000125652173913,ɡ i l t͡ʃʰ e,2,V,2,PRS,PROG,POL,,,,,
গেলা,গেলে,V;2;PRS;POL,0.004857,0.000125652173913,ɡ e l e,2,V,2,PRS,POL,,,,,,
গেলা,গিলতো,V;2;PST;HAB;POL,0.0,0.000125652173913,ɡ i l t̪ o,3,V,2,PST,HAB,POL,,,,,
গেলা,গিলেছিলে,V;3;PST;PRF;INFM,0.0,0.000125652173913,ɡ i l e t͡ʃʰ i l e,3,V,3,PST,PRF,INFM,,,,,
গেলা,গিলবো,V;1;FUT,0.0,0.000125652173913,ɡ i l b o,3,V,1,FUT,,,,,,,
গেলা,গিলতিস,V;2;PST;HAB;LGSPEC1,0.0,0.000125652173913,ɡ i l t̪ i ʃ,1,V,2,PST,HAB,LGSPEC1,,,,,
গেলা,গিলি,V;1;PRS,0.0,0.000125652173913,ɡ i l i,1,V,1,PRS,,,,,,,
গেলা,গিলছিলি,V;2;PST;PROG;LGSPEC1,0.0,0.000125652173913,ɡ i l t͡ʃʰ i l i,1,V,2,PST,PROG,LGSPEC1,,,,,
গেলা,গিলবে,V;2;FUT;POL,1e-06,0.000125652173913,ɡ i l b e,1,V,2,FUT,POL,,,,,,
গেলা,গেলা,V;V.MSDR,5e-06,0.000125652173913,ɡ e l a,1,V,V.MSDR,,,,,,,,
গেলা,গিল্লাম,V;1;PST,0.0,0.000125652173913,ɡ i lː a m,4,V,1,PST,,,,,,,
গেলা,গেলেন,V;3;PRS;POL,0.000465,0.000125652173913,ɡ e l e n,2,V,3,PRS,POL,,,,,,
গেলা,গিলতেন,V;3;PST;HAB;POL,0.0,0.000125652173913,ɡ i l t̪ e n,4,V,3,PST,HAB,POL,,,,,
গেলা,গিলেছিলি,V;2;PST;PRF;LGSPEC1,0.0,0.000125652173913,ɡ i l e t͡ʃʰ i l i,1,V,2,PST,PRF,LGSPEC1,,,,,
গেলা,গিল্লে,V;V.PTCP;COND,0.0,0.000125652173913,ɡ i lː e,0,V,V.PTCP,COND,,,,,,,
গেলা,গিলছো,V;3;PRS;PROG;INFM,0.0,0.000125652173913,ɡ i l t͡ʃʰ o,2,V,3,PRS,PROG,INFM,,,,,
গেলা,গিলতাম,V;1;PST;HAB,0.0,0.000125652173913,ɡ i l t̪ a m,0,V,1,PST,HAB,,,,,,
গেলা,গিলেছে,V;2;PRS;PRF;POL,2e-06,0.000125652173913,ɡ i l e t͡ʃʰ e,0,V,2,PRS,PRF,POL,,,,,
গেলা,গিলছিলে,V;3;PST;PROG;INFM,0.0,0.000125652173913,ɡ i l t͡ʃʰ i l e,2,V,3,PST,PROG,INFM,,,,,
গেলা,গিলেছিলাম,V;1;PST;PRF,0.0,0.000125652173913,ɡ i l e t͡ʃʰ i l a m,1,V,1,PST,PRF,,,,,,
গেলা,গিলিস,V;2;PRS;LGSPEC1,0.0,0.000125652173913,ɡ i l i ʃ,2,V,2,PRS,LGSPEC1,,,,,,
ধরা,ধরলো,V;2;PST;POL,1.1e-05,0.0006301739130434,d̪ʱ ɔ ɹ l o,3,V,2,PST,POL,,,,,,
ধরা,ধরেছি,V;1;PRS;PRF,9e-06,0.0006301739130434,d̪ʱ ɔ ɹ e t͡ʃʰ i,4,V,1,PRS,PRF,,,,,,
ধরা,ধরছিলো,V;2;PST;PROG;POL,1e-06,0.0006301739130434,d̪ʱ ɔ ɹ t͡ʃʰ i l o,1,V,2,PST,PROG,POL,,,,,
ধরা,ধরছিস,V;2;PRS;PROG;LGSPEC1,0.0,0.0006301739130434,d̪ʱ ɔ ɹ t͡ʃʰ i ʃ,3,V,2,PRS,PROG,LGSPEC1,,,,,
ধরা,ধরলে,V;3;PST;INFM,8.3e-05,0.0006301739130434,d̪ʱ ɔ ɹ l e,4,V,3,PST,INFM,,,,,,
ধরা,ধরতে,V;V.PTCP;PROG,0.000738,0.0006301739130434,d̪ʱ ɔ ɹ t̪ e,4,V,V.PTCP,PROG,,,,,,,
ধরা,ধরলেন,V;3;PST;POL,2.8e-05,0.0006301739130434,d̪ʱ ɔ ɹ l e n,3,V,3,PST,POL,,,,,,
ধরা,ধরেছেন,V;3;PRS;PRF;POL,8e-05,0.0006301739130434,d̪ʱ ɔ ɹ e t͡ʃʰ e n,2,V,3,PRS,PRF,POL,,,,,
ধরা,ধরবে,V;3;FUT;INFM,5.2e-05,0.0006301739130434,d̪ʱ ɔ ɹ b e,2,V,3,FUT,INFM,,,,,,
ধরা,ধরলি,V;2;PST;LGSPEC1,1e-06,0.0006301739130434,d̪ʱ ɔ ɹ l i,0,V,2,PST,LGSPEC1,,,,,,
ধরা,ধরে,V;V.PTCP;HAB,0.007787,0.0006301739130434,d̪ʱ ɔ ɹ e,2,V,V.PTCP,HAB,,,,,,,
ধরা,ধরেছিলেন,V;3;PST;PRF;POL,8e-06,0.0006301739130434,d̪ʱ ɔ ɹ e t͡ʃʰ i l e n,3,V,3,PST,PRF,POL,,,,,
ধরা,ধরো,V;3;PRS;INFM,2e-05,0.0006301739130434,d̪ʱ ɔ ɹ o,2,V,3,PRS,INFM,,,,,,
ধরা,ধরেছিস,V;2;PRS;PRF;LGSPEC1,0.0,0.0006301739130434,d̪ʱ ɔ ɹ e t͡ʃʰ i ʃ,3,V,2,PRS,PRF,LGSPEC1,,,,,
ধরা,ধরছিলেন,V;3;PST;PROG;POL,2e-06,0.0006301739130434,d̪ʱ ɔ ɹ t͡ʃʰ i l e n,2,V,3,PST,PROG,POL,,,,,
ধরা,ধরছেন,V;3;PRS;PROG;POL,1.2e-05,0.0006301739130434,d̪ʱ ɔ ɹ t͡ʃʰ e n,1,V,3,PRS,PROG,POL,,,,,
ধরা,ধরতে,V;3;PST;HAB;INFM,0.000738,0.0006301739130434,d̪ʱ ɔ ɹ t̪ e,2,V,3,PST,HAB,INFM,,,,,
ধরা,ধরবি,V;2;FUT;LGSPEC1,0.0,0.0006301739130434,d̪ʱ ɔ ɹ b i,2,V,2,FUT,LGSPEC1,,,,,,
ধরা,ধরছিলাম,V;1;PST;PROG,0.0,0.0006301739130434,d̪ʱ ɔ ɹ t͡ʃʰ i l a m,2,V,1,PST,PROG,,,,,,
ধরা,ধরছি,V;1;PRS;PROG,1.3e-05,0.0006301739130434,d̪ʱ ɔ ɹ t͡ʃʰ i,4,V,1,PRS,PROG,,,,,,
ধরা,ধরেছিলো,V;2;PST;PRF;POL,0.0,0.0006301739130434,d̪ʱ ɔ ɹ e t͡ʃʰ i l o,3,V,2,PST,PRF,POL,,,,,
ধরা,ধরে,V;V.PTCP;PRF,0.007787,0.0006301739130434,d̪ʱ ɔ ɹ e,1,V,V.PTCP,PRF,,,,,,,
ধরা,ধরতে,V;V.NFIN,0.000738,0.0006301739130434,d̪ʱ ɔ ɹ t̪ e,3,V,V.NFIN,,,,,,,,
ধরা,ধরেছো,V;3;PRS;PRF;INFM,1e-06,0.0006301739130434,d̪ʱ ɔ ɹ e t͡ʃʰ o,4,V,3,PRS,PRF,INFM,,,,,
ধরা,ধরবেন,V;3;FUT;POL,3.5e-05,0.0006301739130434,d̪ʱ ɔ ɹ b e n,2,V,3,FUT,POL,,,,,,
ধরা,ধরছে,V;2;PRS;PROG;POL,3.3e-05,0.0006301739130434,d̪ʱ ɔ ɹ o t͡ʃʰ e,4,V,2,PRS,PROG,POL,,,,,
ধরা,ধরে,V;2;PRS;POL,0.007787,0.0006301739130434,d̪ʱ ɔ ɹ e,0,V,2,PRS,POL,,,,,,
ধরা,ধরতো,V;2;PST;HAB;POL,6e-06,0.0006301739130434,d̪ʱ ɔ ɹ o t̪ o,0,V,2,PST,HAB,POL,,,,,
ধরা,ধরেছিলে,V;3;PST;PRF;INFM,1e-06,0.0006301739130434,d̪ʱ ɔ ɹ e t͡ʃʰ i l e,1,V,3,PST,PRF,INFM,,,,,
ধরা,ধরবো,V;1;FUT,1.7e-05,0.0006301739130434,d̪ʱ ɔ ɹ b o,3,V,1,FUT,,,,,,,
ধরা,ধরতিস,V;2;PST;HAB;LGSPEC1,0.0,0.0006301739130434,d̪ʱ ɔ ɹ t̪ i ʃ,4,V,2,PST,HAB,LGSPEC1,,,,,
ধরা,ধরি,V;1;PRS,3.6e-05,0.0006301739130434,d̪ʱ ɔ ɹ i,1,V,1,PRS,,,,,,,
ধরা,ধরছিলি,V;2;PST;PROG;LGSPEC1,0.0,0.0006301739130434,d̪ʱ ɔ ɹ t͡ʃʰ i l i,2,V,2,PST,PROG,LGSPEC1,,,,,
ধরা,ধরবে,V;2;FUT;POL,5.2e-05,0.0006301739130434,d̪ʱ ɔ ɹ b e,3,V,2,FUT,POL,,,,,,
ধরা,ধরা,V;V.MSDR,0.002394,0.0006301739130434,d̪ʱ ɔ ɹ a,4,V,V.MSDR,,,,,,,,
ধরা,ধরলাম,V;1;PST,2.2e-05,0.0006301739130434,d̪ʱ ɔ ɹ l a m,2,V,1,PST,,,,,,,
ধরা,ধরেন,V;3;PRS;POL,0.000341,0.0006301739130434,d̪ʱ ɔ ɹ e n,4,V,3,PRS,POL,,,,,,
ধরা,ধরতেন,V;3;PST;HAB;POL,9e-06,0.0006301739130434,d̪ʱ ɔ ɹ t̪ e n,3,V,3,PST,HAB,POL,,,,,
ধরা,ধরেছিলি,V;2;PST;PRF;LGSPEC1,0.0,0.0006301739130434,d̪ʱ ɔ ɹ e t͡ʃʰ i l i,4,V,2,PST,PRF,LGSPEC1,,,,,
ধরা,ধরলে,V;V.PTCP;COND,8.3e-05,0.0006301739130434,d̪ʱ ɔ ɹ l e,0,V,V.PTCP,COND,,,,,,,
ধরা,ধরছো,V;3;PRS;PROG;INFM,0.0,0.0006301739130434,d̪ʱ ɔ ɹ o t͡ʃʰ o,3,V,3,PRS,PROG,INFM,,,,,
ধরা,ধরতাম,V;1;PST;HAB,1e-06,0.0006301739130434,d̪ʱ ɔ ɹ t̪ a m,3,V,1,PST,HAB,,,,,,
ধরা,ধরেছে,V;2;PRS;PRF;POL,5.8e-05,0.0006301739130434,d̪ʱ ɔ ɹ e t͡ʃʰ e,1,V,2,PRS,PRF,POL,,,,,
ধরা,ধরছিলে,V;3;PST;PROG;INFM,0.0,0.0006301739130434,d̪ʱ ɔ ɹ t͡ʃʰ i l e,4,V,3,PST,PROG,INFM,,,,,
ধরা,ধরেছিলাম,V;1;PST;PRF,4e-06,0.0006301739130434,d̪ʱ ɔ ɹ e t͡ʃʰ i l a m,0,V,1,PST,PRF,,,,,,
ধরা,ধরিস,V;2;PRS;LGSPEC1,0.0,0.0006301739130434,d̪ʱ ɔ ɹ i ʃ,2,V,2,PRS,LGSPEC1,,,,,,
যাওয়া,গেলো,V;2;PST;POL,0.000293,0.0013425434782608,ɡ e l o,1,V,2,PST,POL,,,,,,
যাওয়া,গিয়েছি,V;1;PRS;PRF,2e-06,0.0013425434782608,ɡ i̯ e s i,4,V,1,PRS,PRF,,,,,,
যাওয়া,যাচ্ছিলো,V;2;PST;PROG;POL,2.2e-05,0.0013425434782608,d͡ʒ a t͡ʃʰː i l o,2,V,2,PST,PROG,POL,,,,,
যাওয়া,যাচ্ছিস,V;2;PRS;PROG;LGSPEC1,0.0,0.0013425434782608,d͡ʒ a t͡ʃʰː i ʃ,1,V,2,PRS,PROG,LGSPEC1,,,,,
যাওয়া,গেলে,V;3;PST;INFM,0.004857,0.0013425434782608,ɡ e l e,2,V,3,PST,INFM,,,,,,
যাওয়া,যেতে,V;V.PTCP;PROG,0.007598,0.0013425434782608,d͡ʒ e t̪ e,3,V,V.PTCP,PROG,,,,,,,
যাওয়া,গেলেন,V;3;PST;POL,0.000465,0.0013425434782608,ɡ e l e n,2,V,3,PST,POL,,,,,,
যাওয়া,গিয়েছেন,V;3;PRS;PRF;POL,8e-06,0.0013425434782608,ɡ i̯ e t͡ʃʰ e n,4,V,3,PRS,PRF,POL,,,,,
যাওয়া,যাবে,V;3;FUT;INFM,0.007431,0.0013425434782608,d͡ʒ a b e,2,V,3,FUT,INFM,,,,,,
যাওয়া,গেলি,V;2;PST;LGSPEC1,0.0,0.0013425434782608,ɡ e l i,4,V,2,PST,LGSPEC1,,,,,,
যাওয়া,গিয়ে,V;V.PTCP;HAB,0.00062,0.0013425434782608,ɡ i̯ e,1,V,V.PTCP,HAB,,,,,,,
যাওয়া,গিয়েছিলেন,V;3;PST;PRF;POL,2.3e-05,0.0013425434782608,ɡ i̯ e t͡ʃʰ i l e n,4,V,3,PST,PRF,POL,,,,,
যাওয়া,যাও,V;3;PRS;INFM,0.000156,0.0013425434782608,d͡ʒ a o̯,0,V,3,PRS,INFM,,,,,,
যাওয়া,গিয়েছিস,V;2;PRS;PRF;LGSPEC1,0.0,0.0013425434782608,ɡ i̯ e s i ʃ,1,V,2,PRS,PRF,LGSPEC1,,,,,
যাওয়া,যাচ্ছিলেন,V;3;PST;PROG;POL,4.9e-05,0.0013425434782608,d͡ʒ a t͡ʃʰː i l e n,4,V,3,PST,PROG,POL,,,,,
যাওয়া,যাচ্ছেন,V;3;PRS;PROG;POL,0.000489,0.0013425434782608,d͡ʒ a t͡ʃʰː e n,4,V,3,PRS,PROG,POL,,,,,
যাওয়া,যেতে,V;3;PST;HAB;INFM,0.007598,0.0013425434782608,d͡ʒ e t̪ e,1,V,3,PST,HAB,INFM,,,,,
যাওয়া,যাবি,V;2;FUT;LGSPEC1,6e-06,0.0013425434782608,d͡ʒ a b i,3,V,2,FUT,LGSPEC1,,,,,,
যাওয়া,যাচ্ছিলাম,V;1;PST;PROG,1.7e-05,0.0013425434782608,d͡ʒ a t͡ʃʰː i l a m,2,V,1,PST,PROG,,,,,,
যাওয়া,যাচ্ছি,V;1;PRS;PROG,0.000242,0.0013425434782608,d͡ʒ a t͡ʃʰː i,0,V,1,PRS,PROG,,,,,,
যাওয়া,গিয়েছিলো,V;2;PST;PRF;POL,2e-06,0.0013425434782608,ɡ i̯ e t͡ʃʰ i l o,4,V,2,PST,PRF,POL,,,,,
যাওয়া,গিয়ে,V;V.PTCP;PRF,0.00062,0.0013425434782608,ɡ i̯ e,0,V,V.PTCP,PRF,,,,,,,
যাওয়া,যেতে,V;V.NFIN,0.007598,0.0013425434782608,d͡ʒ e t̪ e,2,V,V.NFIN,,,,,,,,
যাওয়া,গিয়েছো,V;3;PRS;PRF;INFM,0.0,0.0013425434782608,ɡ i̯ e s o,4,V,3,PRS,PRF,INFM,,,,,
যাওয়া,যাবেন,V;3;FUT;POL,0.000941,0.0013425434782608,d͡ʒ a b e n,4,V,3,FUT,POL,,,,,,
যাওয়া,যাচ্ছে,V;2;PRS;PROG;POL,0.003885,0.0013425434782608,d͡ʒ a t͡ʃʰː e,4,V,2,PRS,PROG,POL,,,,,
যাওয়া,যায়,V;2;PRS;POL,0.001829,0.0013425434782608,d͡ʒ a e̯,2,V,2,PRS,POL,,,,,,
যাওয়া,যেতো,V;2;PST;HAB;POL,0.000108,0.0013425434782608,d͡ʒ e t̪ o,1,V,2,PST,HAB,POL,,,,,
যাওয়া,গিয়েছিলে,V;3;PST;PRF;INFM,1e-06,0.0013425434782608,ɡ i̯ e t͡ʃʰ i l e,1,V,3,PST,PRF,INFM,,,,,
যাওয়া,যাবো,V;1;FUT,9.6e-05,0.0013425434782608,d͡ʒ a b o,3,V,1,FUT,,,,,,,
যাওয়া,যেতিস,V;2;PST;HAB;LGSPEC1,0.0,0.0013425434782608,d͡ʒ e t̪ i ʃ,2,V,2,PST,HAB,LGSPEC1,,,,,
যাওয়া,যাই,V;1;PRS,0.001412,0.0013425434782608,d͡ʒ a i̯,0,V,1,PRS,,,,,,,
যাওয়া,যাচ্ছিলি,V;2;PST;PROG;LGSPEC1,0.0,0.0013425434782608,d͡ʒ a t͡ʃʰː i l i,0,V,2,PST,PROG,LGSPEC1,,,,,
যাওয়া,যাবে,V;2;FUT;POL,0.007431,0.0013425434782608,d͡ʒ a b e,4,V,2,FUT,POL,,,,,,
যাওয়া,যাওয়া,V;V.MSDR,0.000332,0.0013425434782608,d͡ʒ a o̯ a,2,V,V.MSDR,,,,,,,,
যাওয়া,গেলাম,V;1;PST,0.000223,0.0013425434782608,ɡ e l a m,4,V,1,PST,,,,,,,
যাওয়া,যান,V;3;PRS;POL,0.002319,0.0013425434782608,d͡ʒ a n,0,V,3,PRS,POL,,,,,,
যাওয়া,যেতেন,V;3;PST;HAB;POL,0.000125,0.0013425434782608,d͡ʒ e t̪ e n,3,V,3,PST,HAB,POL,,,,,
যাওয়া,গিয়েছিলি,V;2;PST;PRF;LGSPEC1,0.0,0.0013425434782608,ɡ i̯ e t͡ʃʰ i l i,2,V,2,PST,PRF,LGSPEC1,,,,,
যাওয়া,গেলে,V;V.PTCP;COND,0.004857,0.0013425434782608,ɡ e l e,2,V,V.PTCP,COND,,,,,,,
যাওয়া,যাচ্ছো,V;3;PRS;PROG;INFM,6e-06,0.0013425434782608,d͡ʒ a t͡ʃʰː o,3,V,3,PRS,PROG,INFM,,,,,
যাওয়া,যেতাম,V;1;PST;HAB,5.6e-05,0.0013425434782608,d͡ʒ e t̪ a m,0,V,1,PST,HAB,,,,,,
যাওয়া,গিয়েছে,V;2;PRS;PRF;POL,3.3e-05,0.0013425434782608,ɡ i̯ e s e,1,V,2,PRS,PRF,POL,,,,,
যাওয়া,যাচ্ছিলে,V;3;PST;PROG;INFM,1e-06,0.0013425434782608,d͡ʒ a t͡ʃʰː i l e,1,V,3,PST,PROG,INFM,,,,,
যাওয়া,গিয়েছিলাম,V;1;PST;PRF,6e-06,0.0013425434782608,ɡ i̯ e t͡ʃʰ i l a m,3,V,1,PST,PRF,,,,,,
যাওয়া,যাস,V;2;PRS;LGSPEC1,0.0,0.0013425434782608,d͡ʒ a ʃ,0,V,2,PRS,LGSPEC1,,,,,,
শিখানো,শিখালো,V;2;PST;POL,0.0,2.978260869565217e-06,ʃ i kʰ a l o,3,V,2,PST,POL,,,,,,
শিখানো,শিখিয়েছি,V;1;PRS;PRF,0.0,2.978260869565217e-06,ʃ i kʰ i̯ e s i,2,V,1,PRS,PRF,,,,,,
শিখানো,শিখাচ্ছিলো,V;2;PST;PROG;POL,0.0,2.978260869565217e-06,ʃ i kʰ a t͡ʃʰː i l o,2,V,2,PST,PROG,POL,,,,,
শিখানো,শিখাচ্ছিস,V;2;PRS;PROG;LGSPEC1,0.0,2.978260869565217e-06,ʃ i kʰ a t͡ʃʰː i ʃ,1,V,2,PRS,PROG,LGSPEC1,,,,,
শিখানো,শিখালে,V;3;PST;INFM,5e-06,2.978260869565217e-06,ʃ i kʰ a l e,1,V,3,PST,INFM,,,,,,
শিখানো,শিখাতে,V;V.PTCP;PROG,1.2e-05,2.978260869565217e-06,ʃ i kʰ a t̪ e,1,V,V.PTCP,PROG,,,,,,,
শিখানো,শিখালেন,V;3;PST;POL,0.0,2.978260869565217e-06,ʃ i kʰ a l e n,4,V,3,PST,POL,,,,,,
শিখানো,শিখিয়েছেন,V;3;PRS;PRF;POL,0.0,2.978260869565217e-06,ʃ i kʰ i̯ e t͡ʃʰ e n,2,V,3,PRS,PRF,POL,,,,,
শিখানো,শিখাবে,V;3;FUT;INFM,8e-06,2.978260869565217e-06,ʃ i kʰ a b e,0,V,3,FUT,INFM,,,,,,
শিখানো,শিখালি,V;2;PST;LGSPEC1,0.0,2.978260869565217e-06,ʃ i kʰ a l i,4,V,2,PST,LGSPEC1,,,,,,
শিখানো,শিখায়,V;V.PTCP;HAB,3e-06,2.978260869565217e-06,ʃ i kʰ a e̯,3,V,V.PTCP,HAB,,,,,,,
শিখানো,শিখিয়েছিলেন,V;3;PST;PRF;POL,0.0,2.978260869565217e-06,ʃ i kʰ i̯ e t͡ʃʰ i l e n,1,V,3,PST,PRF,POL,,,,,
শিখানো,শিখাও,V;3;PRS;INFM,5e-06,2.978260869565217e-06,ʃ i kʰ a o̯,3,V,3,PRS,INFM,,,,,,
শিখানো,শিখিয়েছিস,V;2;PRS;PRF;LGSPEC1,0.0,2.978260869565217e-06,ʃ i kʰ i̯ e t͡ʃʰ i ʃ,4,V,2,PRS,PRF,LGSPEC1,,,,,
শিখানো,শিখাচ্ছিলেন,V;3;PST;PROG;POL,0.0,2.978260869565217e-06,ʃ i kʰ a t͡ʃʰː i l e n,4,V,3,PST,PROG,POL,,,,,
শিখানো,শিখাচ্ছেন,V;3;PRS;PROG;POL,1e-06,2.978260869565217e-06,ʃ i kʰ a t͡ʃʰː e n,1,V,3,PRS,PROG,POL,,,,,
শিখানো,শিখাতে,V;3;PST;HAB;INFM,1.2e-05,2.978260869565217e-06,ʃ i kʰ a t̪ e,2,V,3,PST,HAB,INFM,,,,,
শিখানো,শিখাবি,V;2;FUT;LGSPEC1,0.0,2.978260869565217e-06,ʃ i kʰ a b i,0,V,2,FUT,LGSPEC1,,,,,,
শিখানো,শিখাচ্ছিলাম,V;1;PST;PROG,0.0,2.978260869565217e-06,ʃ i kʰ a t͡ʃʰː i l a m,2,V,1,PST,PROG,,,,,,
শিখানো,শিখাচ্ছি,V;1;PRS;PROG,0.0,2.978260869565217e-06,ʃ i kʰ a t͡ʃʰː i,3,V,1,PRS,PROG,,,,,,
শিখানো,শিখিয়েছিলো,V;2;PST;PRF;POL,0.0,2.978260869565217e-06,ʃ i kʰ i̯ e t͡ʃʰ i l o,3,V,2,PST,PRF,POL,,,,,
শিখানো,শিখায়,V;V.PTCP;PRF,3e-06,2.978260869565217e-06,ʃ i kʰ a e̯,3,V,V.PTCP,PRF,,,,,,,
শিখানো,শিখাতে,V;V.NFIN,1.2e-05,2.978260869565217e-06,ʃ i kʰ a t̪ e,2,V,V.NFIN,,,,,,,,
শিখানো,শিখিয়েছো,V;3;PRS;PRF;INFM,0.0,2.978260869565217e-06,ʃ i kʰ i̯ e s o,1,V,3,PRS,PRF,INFM,,,,,
শিখানো,শিখাবেন,V;3;FUT;POL,3e-06,2.978260869565217e-06,ʃ i kʰ a b e n,1,V,3,FUT,POL,,,,,,
শিখানো,শিখাচ্ছে,V;2;PRS;PROG;POL,2e-06,2.978260869565217e-06,ʃ i kʰ a t͡ʃʰː e,1,V,2,PRS,PROG,POL,,,,,
শিখানো,শিখায়,V;2;PRS;POL,3e-06,2.978260869565217e-06,ʃ i kʰ a e̯,1,V,2,PRS,POL,,,,,,
শিখানো,শিখাতো,V;2;PST;HAB;POL,1e-06,2.978260869565217e-06,ʃ i kʰ a t̪ o,0,V,2,PST,HAB,POL,,,,,
শিখানো,শিখিয়েছিলে,V;3;PST;PRF;INFM,0.0,2.978260869565217e-06,ʃ i kʰ i̯ e t͡ʃʰ i l e,3,V,3,PST,PRF,INFM,,,,,
শিখানো,শিখাবো,V;1;FUT,1.8e-05,2.978260869565217e-06,ʃ i kʰ a b o,4,V,1,FUT,,,,,,,
শিখানো,শিখাতিস,V;2;PST;HAB;LGSPEC1,0.0,2.978260869565217e-06,ʃ i kʰ a t̪ i ʃ,1,V,2,PST,HAB,LGSPEC1,,,,,
শিখানো,শিখাই,V;1;PRS,2e-06,2.978260869565217e-06,ʃ i kʰ a i̯,0,V,1,PRS,,,,,,,
শিখানো,শিখাচ্ছিলি,V;2;PST;PROG;LGSPEC1,0.0,2.978260869565217e-06,ʃ i kʰ a t͡ʃʰː i l i,2,V,2,PST,PROG,LGSPEC1,,,,,
শিখানো,শিখাবে,V;2;FUT;POL,8e-06,2.978260869565217e-06,ʃ i kʰ a b e,0,V,2,FUT,POL,,,,,,
শিখানো,শিখানো,V;V.MSDR,2.9e-05,2.978260869565217e-06,ʃ i kʰ a n o,0,V,V.MSDR,,,,,,,,
শিখানো,শিখালাম,V;1;PST,0.0,2.978260869565217e-06,ʃ i kʰ a l a m,1,V,1,PST,,,,,,,
শিখানো,শিখান,V;3;PRS;POL,4e-06,2.978260869565217e-06,ʃ i kʰ a n,2,V,3,PRS,POL,,,,,,
শিখানো,শিখাতেন,V;3;PST;HAB;POL,0.0,2.978260869565217e-06,ʃ i kʰ a t̪ e n,3,V,3,PST,HAB,POL,,,,,
শিখানো,শিখিয়েছিলি,V;2;PST;PRF;LGSPEC1,0.0,2.978260869565217e-06,ʃ i kʰ i̯ e t͡ʃʰ i l i,3,V,2,PST,PRF,LGSPEC1,,,,,
শিখানো,শিখালে,V;V.PTCP;COND,5e-06,2.978260869565217e-06,ʃ i kʰ a l e,4,V,V.PTCP,COND,,,,,,,
শিখানো,শিখাচ্ছো,V;3;PRS;PROG;INFM,0.0,2.978260869565217e-06,ʃ i kʰ a t͡ʃʰː o,0,V,3,PRS,PROG,INFM,,,,,
শিখানো,শিখাতাম,V;1;PST;HAB,0.0,2.978260869565217e-06,ʃ i kʰ a t̪ a m,0,V,1,PST,HAB,,,,,,
শিখানো,শিখিয়েছে,V;2;PRS;PRF;POL,1e-06,2.978260869565217e-06,ʃ i kʰ i̯ e s e,1,V,2,PRS,PRF,POL,,,,,
শিখানো,শিখাচ্ছিলে,V;3;PST;PROG;INFM,0.0,2.978260869565217e-06,ʃ i kʰ a t͡ʃʰː i l e,4,V,3,PST,PROG,INFM,,,,,
শিখানো,শিখিয়েছিলাম,V;1;PST;PRF,0.0,2.978260869565217e-06,ʃ i kʰ i̯ e t͡ʃʰ i l a m,0,V,1,PST,PRF,,,,,,
শিখানো,শিখাস,V;2;PRS;LGSPEC1,0.0,2.978260869565217e-06,ʃ i kʰ a ʃ,3,V,2,PRS,LGSPEC1,,,,,,
আগানো,আগালো,V;2;PST;POL,0.0,1.521739130434783e-06,a ɡ a l o,2,V,2,PST,POL,,,,,,
আগানো,আগিয়েছি,V;1;PRS;PRF,0.0,1.521739130434783e-06,a ɡ i̯ e t͡ʃʰ i,0,V,1,PRS,PRF,,,,,,
আগানো,আগাচ্ছিলো,V;2;PST;PROG;POL,0.0,1.521739130434783e-06,a ɡ a t͡ʃʰː i l o,3,V,2,PST,PROG,POL,,,,,
আগানো,আগাচ্ছিস,V;2;PRS;PROG;LGSPEC1,0.0,1.521739130434783e-06,a ɡ a t͡ʃʰː i ʃ,4,V,2,PRS,PROG,LGSPEC1,,,,,
আগানো,আগালে,V;3;PST;INFM,3e-06,1.521739130434783e-06,a ɡ a l e,1,V,3,PST,INFM,,,,,,
আগানো,আগাতে,V;V.PTCP;PROG,1.5e-05,1.521739130434783e-06,a ɡ a t̪ e,3,V,V.PTCP,PROG,,,,,,,
আগানো,আগালেন,V;3;PST;POL,0.0,1.521739130434783e-06,a ɡ a l e n,4,V,3,PST,POL,,,,,,
আগানো,আগিয়েছেন,V;3;PRS;PRF;POL,0.0,1.521739130434783e-06,a ɡ i̯ e t͡ʃʰ e n,4,V,3,PRS,PRF,POL,,,,,
আগানো,আগাবে,V;3;FUT;INFM,1e-06,1.521739130434783e-06,a ɡ a b e,2,V,3,FUT,INFM,,,,,,
আগানো,আগালি,V;2;PST;LGSPEC1,0.0,1.521739130434783e-06,a ɡ a l i,2,V,2,PST,LGSPEC1,,,,,,
আগানো,আগায়,V;V.PTCP;HAB,0.0,1.521739130434783e-06,a ɡ a e̯,3,V,V.PTCP,HAB,,,,,,,
আগানো,আগিয়েছিলেন,V;3;PST;PRF;POL,0.0,1.521739130434783e-06,a ɡ i̯ e t͡ʃʰ i l e n,1,V,3,PST,PRF,POL,,,,,
আগানো,আগাও,V;3;PRS;INFM,1e-06,1.521739130434783e-06,a ɡ a o̯,3,V,3,PRS,INFM,,,,,,
আগানো,আগিয়েছিস,V;2;PRS;PRF;LGSPEC1,0.0,1.521739130434783e-06,a ɡ i̯ e t͡ʃʰ i ʃ,0,V,2,PRS,PRF,LGSPEC1,,,,,
আগানো,আগাচ্ছিলেন,V;3;PST;PROG;POL,0.0,1.521739130434783e-06,a ɡ a t͡ʃʰː i l e n,0,V,3,PST,PROG,POL,,,,,
আগানো,আগাচ্ছেন,V;3;PRS;PROG;POL,0.0,1.521739130434783e-06,a ɡ a t͡ʃʰː e n,4,V,3,PRS,PROG,POL,,,,,
আগানো,আগাতে,V;3;PST;HAB;INFM,1.5e-05,1.521739130434783e-06,a ɡ a t̪ e,1,V,3,PST,HAB,INFM,,,,,
আগানো,আগাবি,V;2;FUT;LGSPEC1,0.0,1.521739130434783e-06,a ɡ a b i,2,V,2,FUT,LGSPEC1,,,,,,
আগানো,আগাচ্ছিলাম,V;1;PST;PROG,0.0,1.521739130434783e-06,a ɡ a t͡ʃʰː i l a m,2,V,1,PST,PROG,,,,,,
আগানো,আগাচ্ছি,V;1;PRS;PROG,1e-06,1.521739130434783e-06,a ɡ a t͡ʃʰː i,3,V,1,PRS,PROG,,,,,,
আগানো,আগিয়েছিলো,V;2;PST;PRF;POL,0.0,1.521739130434783e-06,a ɡ i̯ e t͡ʃʰ i l o,4,V,2,PST,PRF,POL,,,,,
আগানো,আগায়,V;V.PTCP;PRF,0.0,1.521739130434783e-06,a ɡ a e̯,2,V,V.PTCP,PRF,,,,,,,
আগানো,আগাতে,V;V.NFIN,1.5e-05,1.521739130434783e-06,a ɡ a t̪ e,3,V,V.NFIN,,,,,,,,
আগানো,আগিয়েছো,V;3;PRS;PRF;INFM,0.0,1.521739130434783e-06,a ɡ i̯ e s o,1,V,3,PRS,PRF,INFM,,,,,
আগানো,আগাবেন,V;3;FUT;POL,4e-06,1.521739130434783e-06,a ɡ a b e n,2,V,3,FUT,POL,,,,,,
আগানো,আগাচ্ছে,V;2;PRS;PROG;POL,6e-06,1.521739130434783e-06,a ɡ a t͡ʃʰː e,0,V,2,PRS,PROG,POL,,,,,
আগানো,আগায়,V;2;PRS;POL,0.0,1.521739130434783e-06,a ɡ a e̯,4,V,2,PRS,POL,,,,,,
আগানো,আগাতো,V;2;PST;HAB;POL,0.0,1.521739130434783e-06,a ɡ a t̪ o,1,V,2,PST,HAB,POL,,,,,
আগানো,আগিয়েছিলে,V;3;PST;PRF;INFM,0.0,1.521739130434783e-06,a ɡ i̯ e t͡ʃʰ i l e,4,V,3,PST,PRF,INFM,,,,,
আগানো,আগাবো,V;1;FUT,1e-06,1.521739130434783e-06,a ɡ a b o,3,V,1,FUT,,,,,,,
আগানো,আগাতিস,V;2;PST;HAB;LGSPEC1,0.0,1.521739130434783e-06,a ɡ a t̪ i ʃ,1,V,2,PST,HAB,LGSPEC1,,,,,
আগানো,আগাই,V;1;PRS,0.0,1.521739130434783e-06,a ɡ a i̯,0,V,1,PRS,,,,,,,
আগানো,আগাচ্ছিলি,V;2;PST;PROG;LGSPEC1,0.0,1.521739130434783e-06,a ɡ a t͡ʃʰː i l i,3,V,2,PST,PROG,LGSPEC1,,,,,
আগানো,আগাবে,V;2;FUT;POL,1e-06,1.521739130434783e-06,a ɡ a b e,0,V,2,FUT,POL,,,,,,
আগানো,আগানো,V;V.MSDR,4e-06,1.521739130434783e-06,a ɡ a n o,2,V,V.MSDR,,,,,,,,
আগানো,আগালাম,V;1;PST,0.0,1.521739130434783e-06,a ɡ a l a m,3,V,1,PST,,,,,,,
আগানো,আগান,V;3;PRS;POL,0.0,1.521739130434783e-06,a ɡ a n,3,V,3,PRS,POL,,,,,,
আগানো,আগাতেন,V;3;PST;HAB;POL,0.0,1.521739130434783e-06,a ɡ a t̪ e n,1,V,3,PST,HAB,POL,,,,,
আগানো,আগিয়েছিলি,V;2;PST;PRF;LGSPEC1,0.0,1.521739130434783e-06,a ɡ i̯ e t͡ʃʰ i l i,4,V,2,PST,PRF,LGSPEC1,,,,,
আগানো,আগালে,V;V.PTCP;COND,3e-06,1.521739130434783e-06,a ɡ a l e,2,V,V.PTCP,COND,,,,,,,
আগানো,আগাচ্ছো,V;3;PRS;PROG;INFM,0.0,1.521739130434783e-06,a ɡ a t͡ʃʰː o,2,V,3,PRS,PROG,INFM,,,,,
আগানো,আগাতাম,V;1;PST;HAB,0.0,1.521739130434783e-06,a ɡ a t̪ a m,0,V,1,PST,HAB,,,,,,
আগানো,আগিয়েছে,V;2;PRS;PRF;POL,0.0,1.521739130434783e-06,a ɡ i̯ e s e,4,V,2,PRS,PRF,POL,,,,,
আগানো,আগাচ্ছিলে,V;3;PST;PROG;INFM,0.0,1.521739130434783e-06,a ɡ a t͡ʃʰː i l e,0,V,3,PST,PROG,INFM,,,,,
আগানো,আগিয়েছিলাম,V;1;PST;PRF,0.0,1.521739130434783e-06,a ɡ i̯ e t͡ʃʰ i l a m,4,V,1,PST,PRF,,,,,,
আগানো,আগাস,V;2;PRS;LGSPEC1,0.0,1.521739130434783e-06,a ɡ a ʃ,1,V,2,PRS,LGSPEC1,,,,,,
বলা,বল্লো,V;2;PST;POL,1e-06,0.0025129565217391,b ɔ lː o,1,V,2,PST,POL,,,,,,
বলা,বলেছি,V;1;PRS;PRF,0.000328,0.0025129565217391,b ɔ l e t͡ʃʰ i,1,V,1,PRS,PRF,,,,,,
বলা,বলছিলো,V;2;PST;PROG;POL,1e-06,0.0025129565217391,b ɔ l t͡ʃʰ i l o,1,V,2,PST,PROG,POL,,,,,
বলা,বলছিস,V;2;PRS;PROG;LGSPEC1,5e-06,0.0025129565217391,b ɔ l t͡ʃʰ i ʃ,3,V,2,PRS,PROG,LGSPEC1,,,,,
বলা,বল্লে,V;3;PST;INFM,7e-06,0.0025129565217391,b ɔ lː e,4,V,3,PST,INFM,,,,,,
বলা,বলতে,V;V.PTCP;PROG,0.00435,0.0025129565217391,b ɔ l t̪ e,3,V,V.PTCP,PROG,,,,,,,
বলা,বল্লেন,V;3;PST;POL,8e-06,0.0025129565217391,b ɔ lː e n,0,V,3,PST,POL,,,,,,
বলা,বলেছেন,V;3;PRS;PRF;POL,0.002859,0.0025129565217391,b ɔ l e t͡ʃʰ e n,0,V,3,PRS,PRF,POL,,,,,
বলা,বলবে,V;3;FUT;INFM,0.000289,0.0025129565217391,b ɔ l b e,2,V,3,FUT,INFM,,,,,,
বলা,বল্লি,V;2;PST;LGSPEC1,1e-06,0.0025129565217391,b ɔ lː i,3,V,2,PST,LGSPEC1,,,,,,
বলা,বলে,V;V.PTCP;HAB,0.020387,0.0025129565217391,b ɔ l e,2,V,V.PTCP,HAB,,,,,,,
বলা,বলেছিলেন,V;3;PST;PRF;POL,0.000501,0.0025129565217391,b ɔ l e t͡ʃʰ i l e n,3,V,3,PST,PRF,POL,,,,,
বলা,বলো,V;3;PRS;INFM,7.8e-05,0.0025129565217391,b ɔ l o,2,V,3,PRS,INFM,,,,,,
বলা,বলেছিস,V;2;PRS;PRF;LGSPEC1,1e-06,0.0025129565217391,b ɔ l e t͡ʃʰ i ʃ,1,V,2,PRS,PRF,LGSPEC1,,,,,
বলা,বলছিলেন,V;3;PST;PROG;POL,0.000135,0.0025129565217391,b ɔ l t͡ʃʰ i l e n,3,V,3,PST,PROG,POL,,,,,
বলা,বলছেন,V;3;PRS;PROG;POL,0.001172,0.0025129565217391,b ɔ l t͡ʃʰ e n,0,V,3,PRS,PROG,POL,,,,,
বলা,বলতে,V;3;PST;HAB;INFM,0.00435,0.0025129565217391,b ɔ l t̪ e,1,V,3,PST,HAB,INFM,,,,,
বলা,বলবি,V;2;FUT;LGSPEC1,5e-06,0.0025129565217391,b ɔ l b i,3,V,2,FUT,LGSPEC1,,,,,,
বলা,বলছিলাম,V;1;PST;PROG,3.2e-05,0.0025129565217391,b ɔ l t͡ʃʰ i l a m,1,V,1,PST,PROG,,,,,,
বলা,বলছি,V;1;PRS;PROG,0.00054,0.0025129565217391,b ɔ l t͡ʃʰ i,0,V,1,PRS,PROG,,,,,,
বলা,বলেছিলো,V;2;PST;PRF;POL,1.6e-05,0.0025129565217391,b ɔ l e t͡ʃʰ i l o,2,V,2,PST,PRF,POL,,,,,
বলা,বলে,V;V.PTCP;PRF,0.020387,0.0025129565217391,b ɔ l e,3,V,V.PTCP,PRF,,,,,,,
বলা,বলতে,V;V.NFIN,0.00435,0.0025129565217391,b ɔ l t̪ e,4,V,V.NFIN,,,,,,,,
বলা,বলেছো,V;3;PRS;PRF;INFM,2e-06,0.0025129565217391,b ɔ l e t͡ʃʰ o,1,V,3,PRS,PRF,INFM,,,,,
বলা,বলবেন,V;3;FUT;POL,0.000524,0.0025129565217391,b ɔ l b e n,0,V,3,FUT,POL,,,,,,
বলা,বলছে,V;2;PRS;PROG;POL,0.000913,0.0025129565217391,b ɔ l t͡ʃʰ e,3,V,2,PRS,PROG,POL,,,,,
বলা,বলে,V;2;PRS;POL,0.020387,0.0025129565217391,b ɔ l e,2,V,2,PRS,POL,,,,,,
বলা,বলতো,V;2;PST;HAB;POL,6.3e-05,0.0025129565217391,b ɔ l t̪ o,0,V,2,PST,HAB,POL,,,,,
বলা,বলেছিলে,V;3;PST;PRF;INFM,8e-06,0.0025129565217391,b ɔ l e t͡ʃʰ i l e,1,V,3,PST,PRF,INFM,,,,,
বলা,বলবো,V;1;FUT,0.000279,0.0025129565217391,b ɔ l b o,1,V,1,FUT,,,,,,,
বলা,বলতিস,V;2;PST;HAB;LGSPEC1,0.0,0.0025129565217391,b ɔ l t̪ i ʃ,0,V,2,PST,HAB,LGSPEC1,,,,,
বলা,বলি,V;1;PRS,0.000717,0.0025129565217391,b ɔ l i,2,V,1,PRS,,,,,,,
বলা,বলছিলি,V;2;PST;PROG;LGSPEC1,0.0,0.0025129565217391,b ɔ l t͡ʃʰ i l i,1,V,2,PST,PROG,LGSPEC1,,,,,
বলা,বলবে,V;2;FUT;POL,0.000289,0.0025129565217391,b ɔ l b e,3,V,2,FUT,POL,,,,,,
বলা,বলা,V;V.MSDR,0.008101,0.0025129565217391,b ɔ l a,4,V,V.MSDR,,,,,,,,
বলা,বল্লাম,V;1;PST,1.1e-05,0.0025129565217391,b ɔ lː a m,4,V,1,PST,,,,,,,
বলা,বলেন,V;3;PRS;POL,0.023704,0.0025129565217391,b ɔ l e n,3,V,3,PRS,POL,,,,,,
বলা,বলতেন,V;3;PST;HAB;POL,0.000188,0.0025129565217391,b ɔ l t̪ e n,0,V,3,PST,HAB,POL,,,,,
বলা,বলেছিলি,V;2;PST;PRF;LGSPEC1,0.0,0.0025129565217391,b ɔ l e t͡ʃʰ i l i,4,V,2,PST,PRF,LGSPEC1,,,,,
বলা,বল্লে,V;V.PTCP;COND,7e-06,0.0025129565217391,b ɔ lː e,4,V,V.PTCP,COND,,,,,,,
বলা,বলছো,V;3;PRS;PROG;INFM,1.2e-05,0.0025129565217391,b ɔ l t͡ʃʰ o,1,V,3,PRS,PROG,INFM,,,,,
বলা,বলতাম,V;1;PST;HAB,3e-05,0.0025129565217391,b ɔ l t̪ a m,3,V,1,PST,HAB,,,,,,
বলা,বলেছে,V;2;PRS;PRF;POL,0.000431,0.0025129565217391,b ɔ l e t͡ʃʰ e,0,V,2,PRS,PRF,POL,,,,,
বলা,বলছিলে,V;3;PST;PROG;INFM,3e-06,0.0025129565217391,b ɔ l t͡ʃʰ i l e,1,V,3,PST,PROG,INFM,,,,,
বলা,বলেছিলাম,V;1;PST;PRF,0.000122,0.0025129565217391,b ɔ l e t͡ʃʰ i l a m,4,V,1,PST,PRF,,,,,,
বলা,বলিস,V;2;PRS;LGSPEC1,2e-06,0.0025129565217391,b ɔ l i ʃ,1,V,2,PRS,LGSPEC1,,,,,,
চাওয়া,চেলো,V;2;PST;POL,0.0,0.0001547391304347,t͡ʃ e l o,1,V,2,PST,POL,,,,,,
চাওয়া,চেয়েছি,V;1;PRS;PRF,6e-06,0.0001547391304347,t͡ʃ e e s i,1,V,1,PRS,PRF,,,,,,
চাওয়া,চাচ্ছিলো,V;2;PST;PROG;POL,2e-06,0.0001547391304347,t͡ʃ a t͡ʃʰː i l o,2,V,2,PST,PROG,POL,,,,,
চাওয়া,চাচ্ছিস,V;2;PRS;PROG;LGSPEC1,0.0,0.0001547391304347,t͡ʃ a t͡ʃʰː i ʃ,3,V,2,PRS,PROG,LGSPEC1,,,,,
চাওয়া,চেলে,V;3;PST;INFM,1.2e-05,0.0001547391304347,t͡ʃ e l e,1,V,3,PST,INFM,,,,,,
চাওয়া,চেতে,V;V.PTCP;PROG,3e-06,0.0001547391304347,t͡ʃ e t̪ e,0,V,V.PTCP,PROG,,,,,,,
চাওয়া,চেলেন,V;3;PST;POL,0.0,0.0001547391304347,t͡ʃ e l e n,3,V,3,PST,POL,,,,,,
চাওয়া,চেয়েছেন,V;3;PRS;PRF;POL,1.5e-05,0.0001547391304347,t͡ʃ e e t͡ʃʰ e n,4,V,3,PRS,PRF,POL,,,,,
চাওয়া,চাবে,V;3;FUT;INFM,1.3e-05,0.0001547391304347,t͡ʃ a b e,3,V,3,FUT,INFM,,,,,,
চাওয়া,চেলি,V;2;PST;LGSPEC1,0.0,0.0001547391304347,t͡ʃ e l i,2,V,2,PST,LGSPEC1,,,,,,
চাওয়া,চেয়ে,V;V.PTCP;HAB,0.000473,0.0001547391304347,t͡ʃ e e,1,V,V.PTCP,HAB,,,,,,,
চাওয়া,চেয়েছিলেন,V;3;PST;PRF;POL,1.6e-05,0.0001547391304347,t͡ʃ e e t͡ʃʰ i l e n,1,V,3,PST,PRF,POL,,,,,
চাওয়া,চাও,V;3;PRS;INFM,8.4e-05,0.0001547391304347,t͡ʃ a o̯,1,V,3,PRS,INFM,,,,,,
চাওয়া,চেয়েছিস,V;2;PRS;PRF;LGSPEC1,0.0,0.0001547391304347,t͡ʃ e e s i ʃ,2,V,2,PRS,PRF,LGSPEC1,,,,,
চাওয়া,চাচ্ছিলেন,V;3;PST;PROG;POL,8e-06,0.0001547391304347,t͡ʃ a t͡ʃʰː i l e n,1,V,3,PST,PROG,POL,,,,,
চাওয়া,চাচ্ছেন,V;3;PRS;PROG;POL,0.000175,0.0001547391304347,t͡ʃ a t͡ʃʰː e n,1,V,3,PRS,PROG,POL,,,,,
চাওয়া,চেতে,V;3;PST;HAB;INFM,3e-06,0.0001547391304347,t͡ʃ e t̪ e,4,V,3,PST,HAB,INFM,,,,,
চাওয়া,চাবি,V;2;FUT;LGSPEC1,0.000103,0.0001547391304347,t͡ʃ a b i,0,V,2,FUT,LGSPEC1,,,,,,
চাওয়া,চাচ্ছিলাম,V;1;PST;PROG,1.8e-05,0.0001547391304347,t͡ʃ a t͡ʃʰː i l a m,3,V,1,PST,PROG,,,,,,
চাওয়া,চাচ্ছি,V;1;PRS;PROG,0.000122,0.0001547391304347,t͡ʃ a t͡ʃʰː i,0,V,1,PRS,PROG,,,,,,
চাওয়া,চেয়েছিলো,V;2;PST;PRF;POL,3e-06,0.0001547391304347,t͡ʃ e e t͡ʃʰ i l o,1,V,2,PST,PRF,POL,,,,,
চাওয়া,চেয়ে,V;V.PTCP;PRF,0.000473,0.0001547391304347,t͡ʃ e e,0,V,V.PTCP,PRF,,,,,,,
চাওয়া,চেতে,V;V.NFIN,3e-06,0.0001547391304347,t͡ʃ e t̪ e,0,V,V.NFIN,,,,,,,,
চাওয়া,চেয়েছো,V;3;PRS;PRF;INFM,0.0,0.0001547391304347,t͡ʃ e e s o,2,V,3,PRS,PRF,INFM,,,,,
চাওয়া,চাবেন,V;3;FUT;POL,1.1e-05,0.0001547391304347,t͡ʃ a b e n,2,V,3,FUT,POL,,,,,,
চাওয়া,চাচ্ছে,V;2;PRS;PROG;POL,9.4e-05,0.0001547391304347,t͡ʃ a t͡ʃʰː e,4,V,2,PRS,PROG,POL,,,,,
চাওয়া,চায়,V;2;PRS;POL,0.000167,0.0001547391304347,t͡ʃ a e̯,2,V,2,PRS,POL,,,,,,
চাওয়া,চেতো,V;2;PST;HAB;POL,0.0,0.0001547391304347,t͡ʃ e t̪ o,2,V,2,PST,HAB,POL,,,,,
চাওয়া,চেয়েছিলে,V;3;PST;PRF;INFM,0.0,0.0001547391304347,t͡ʃ e e t͡ʃʰ i l e,3,V,3,PST,PRF,INFM,,,,,
চাওয়া,চাবো,V;1;FUT,1e-06,0.0001547391304347,t͡ʃ a b o,4,V,1,FUT,,,,,,,
চাওয়া,চেতিস,V;2;PST;HAB;LGSPEC1,0.0,0.0001547391304347,t͡ʃ e t̪ i ʃ,3,V,2,PST,HAB,LGSPEC1,,,,,
চাওয়া,চাই,V;1;PRS,0.002038,0.0001547391304347,t͡ʃ a i̯,2,V,1,PRS,,,,,,,
চাওয়া,চাচ্ছিলি,V;2;PST;PROG;LGSPEC1,0.0,0.0001547391304347,t͡ʃ a t͡ʃʰː i l i,1,V,2,PST,PROG,LGSPEC1,,,,,
চাওয়া,চাবে,V;2;FUT;POL,1.3e-05,0.0001547391304347,t͡ʃ a b e,3,V,2,FUT,POL,,,,,,
চাওয়া,চাওয়া,V;V.MSDR,4.9e-05,0.0001547391304347,t͡ʃ a o̯ a,3,V,V.MSDR,,,,,,,,
চাওয়া,চেলাম,V;1;PST,1e-06,0.0001547391304347,t͡ʃ e l a m,2,V,1,PST,,,,,,,
চাওয়া,চান,V;3;PRS;POL,0.003177,0.0001547391304347,t͡ʃ a n,2,V,3,PRS,POL,,,,,,
চাওয়া,চেতেন,V;3;PST;HAB;POL,0.0,0.0001547391304347,t͡ʃ e t̪ e n,4,V,3,PST,HAB,POL,,,,,
চাওয়া,চেয়েছিলি,V;2;PST;PRF;LGSPEC1,0.0,0.0001547391304347,t͡ʃ e e t͡ʃʰ i l i,4,V,2,PST,PRF,LGSPEC1,,,,,
চাওয়া,চেলে,V;V.PTCP;COND,1.2e-05,0.0001547391304347,t͡ʃ e l e,1,V,V.PTCP,COND,,,,,,,
চাওয়া,চাচ্ছো,V;3;PRS;PROG;INFM,1e-06,0.0001547391304347,t͡ʃ a t͡ʃʰː o,3,V,3,PRS,PROG,INFM,,,,,
চাওয়া,চেতাম,V;1;PST;HAB,0.0,0.0001547391304347,t͡ʃ e t̪ a m,4,V,1,PST,HAB,,,,,,
চাওয়া,চেয়েছে,V;2;PRS;PRF;POL,8e-06,0.0001547391304347,t͡ʃ e e s e,4,V,2,PRS,PRF,POL,,,,,
চাওয়া,চাচ্ছিলে,V;3;PST;PROG;INFM,0.0,0.0001547391304347,t͡ʃ a t͡ʃʰː i l e,4,V,3,PST,PROG,INFM,,,,,
চাওয়া,চেয়েছিলাম,V;1;PST;PRF,5e-06,0.0001547391304347,t͡ʃ e e t͡ʃʰ i l a m,2,V,1,PST,PRF,,,,,,
চাওয়া,চাস,V;2;PRS;LGSPEC1,9e-06,0.0001547391304347,t͡ʃ a ʃ,4,V,2,PRS,LGSPEC1,,,,,,
ব্যবহার করা,ব্যবহার করলো,V;2;PST;POL,0.0,0.0,b æ b h a ɹ k ɔ ɹ l o,3,V,2,PST,POL,,,,,,
ব্যবহার করা,ব্যবহার করেছি,V;1;PRS;PRF,0.0,0.0,b æ b h a ɹ k ɔ ɹ e t͡ʃʰ i,3,V,1,PRS,PRF,,,,,,
ব্যবহার করা,ব্যবহার করছিলো,V;2;PST;PROG;POL,0.0,0.0,b æ b h a ɹ o k ɔ ɹ t͡ʃʰ i l o,3,V,2,PST,PROG,POL,,,,,
ব্যবহার করা,ব্যবহার করছিস,V;2;PRS;PROG;LGSPEC1,0.0,0.0,b æ b h a ɹ o k ɔ ɹ t͡ʃʰ i ʃ,0,V,2,PRS,PROG,LGSPEC1,,,,,
ব্যবহার করা,ব্যবহার করলে,V;3;PST;INFM,0.0,0.0,b æ b h a ɹ k ɔ ɹ l e,0,V,3,PST,INFM,,,,,,
ব্যবহার করা,ব্যবহার করতেকরতে,V;V.PTCP;PROG,0.0,0.0,b æ b o h a ɹ o k o ɹ t̪ e k ɔ r o t̪ e,3,V,V.PTCP,PROG,,,,,,,
ব্যবহার করা,ব্যবহার করলেন,V;3;PST;POL,0.0,0.0,b æ b h a ɹ k ɔ ɹ l e n,1,V,3,PST,POL,,,,,,
ব্যবহার করা,ব্যবহার করেছেন,V;3;PRS;PRF;POL,0.0,0.0,b æ b h a ɹ o k ɔ ɹ e t͡ʃʰ e n,2,V,3,PRS,PRF,POL,,,,,
ব্যবহার করা,ব্যবহার করবে,V;3;FUT;INFM,0.0,0.0,b æ b h a ɹ k ɔ ɹ b e,3,V,3,FUT,INFM,,,,,,
ব্যবহার করা,ব্যবহার করলি,V;2;PST;LGSPEC1,0.0,0.0,b æ b h a ɹ k ɔ ɹ o l i,0,V,2,PST,LGSPEC1,,,,,,
ব্যবহার করা,ব্যবহার করেকরে,V;V.PTCP;HAB,0.0,0.0,b æ b h a ɹ k o ɹ e k ɔ ɹ e,2,V,V.PTCP,HAB,,,,,,,
ব্যবহার করা,ব্যবহার করেছিলেন,V;3;PST;PRF;POL,0.0,0.0,b æ b h a ɹ o k ɔ ɹ e t͡ʃʰ i l e n,4,V,3,PST,PRF,POL,,,,,
ব্যবহার করা,ব্যবহার করো,V;3;PRS;INFM,0.0,0.0,b æ b h a ɹ o,0,V,3,PRS,INFM,,,,,,
ব্যবহার করা,ব্যবহার করেছিস,V;2;PRS;PRF;LGSPEC1,0.0,0.0,b æ b h a ɹ k o ɹ e t͡ʃʰ i ʃ,4,V,2,PRS,PRF,LGSPEC1,,,,,
ব্যবহার করা,ব্যবহার করছিলেন,V;3;PST;PROG;POL,0.0,0.0,b æ b h a ɹ o k o ɹ t͡ʃʰ i l e n,0,V,3,PST,PROG,POL,,,,,
ব্যবহার করা,ব্যবহার করছেন,V;3;PRS;PROG;POL,0.0,0.0,b æ b h a ɹ k ɔ ɹ t͡ʃʰ e n,0,V,3,PRS,PROG,POL,,,,,
ব্যবহার করা,ব্যবহার করতে,V;3;PST;HAB;INFM,0.0,0.0,b æ b h a ɹ k ɔ ɹ o t̪ e,2,V,3,PST,HAB,INFM,,,,,
ব্যবহার করা,ব্যবহার করবি,V;2;FUT;LGSPEC1,0.0,0.0,b æ b h a ɹ k ɔ ɹ o b i,0,V,2,FUT,LGSPEC1,,,,,,
ব্যবহার করা,ব্যবহার করছিলাম,V;1;PST;PROG,0.0,0.0,b æ b h a ɹ o k o ɹ t͡ʃʰ i l a m,0,V,1,PST,PROG,,,,,,
ব্যবহার করা,ব্যবহার করছি,V;1;PRS;PROG,0.0,0.0,b æ b h a ɹ k ɔ ɹ o t͡ʃʰ i,2,V,1,PRS,PROG,,,,,,
ব্যবহার করা,ব্যবহার করেছিলো,V;2;PST;PRF;POL,0.0,0.0,b æ b h a ɹ o k ɔ ɹ e t͡ʃʰ i l o,2,V,2,PST,PRF,POL,,,,,
ব্যবহার করা,ব্যবহার করে,V;V.PTCP;PRF,0.0,0.0,b æ b h a ɹ k ɔ ɹ e,3,V,V.PTCP,PRF,,,,,,,
ব্যবহার করা,ব্যবহার করতে,V;V.NFIN,0.0,0.0,b æ b h a ɹ k ɔ ɹ o t̪ e,3,V,V.NFIN,,,,,,,,
ব্যবহার করা,ব্যবহার করেছো,V;3;PRS;PRF;INFM,0.0,0.0,b æ b h a ɹ k ɔ ɹ e t͡ʃʰ o,2,V,3,PRS,PRF,INFM,,,,,
ব্যবহার করা,ব্যবহার করবেন,V;3;FUT;POL,0.0,0.0,b æ b h a ɹ k ɔ ɹ b e n,1,V,3,FUT,POL,,,,,,
ব্যবহার করা,ব্যবহার করছে,V;2;PRS;PROG;POL,0.0,0.0,b æ b h a ɹ k ɔ ɹ o t͡ʃʰ e,4,V,2,PRS,PROG,POL,,,,,
ব্যবহার করা,ব্যবহার করে,V;2;PRS;POL,0.0,0.0,b æ b h a ɹ k ɔ ɹ e,4,V,2,PRS,POL,,,,,,
ব্যবহার করা,ব্যবহার করতো,V;2;PST;HAB;POL,0.0,0.0,b æ b h a ɹ k ɔ ɹ o t̪ o,3,V,2,PST,HAB,POL,,,,,
ব্যবহার করা,ব্যবহার করেছিলে,V;3;PST;PRF;INFM,0.0,0.0,b æ b h a ɹ o k ɔ ɹ e t͡ʃʰ i l e,0,V,3,PST,PRF,INFM,,,,,
ব্যবহার করা,ব্যবহার করবো,V;1;FUT,0.0,0.0,b æ b h a ɹ k ɔ ɹ o b o,3,V,1,FUT,,,,,,,
ব্যবহার করা,ব্যবহার করতিস,V;2;PST;HAB;LGSPEC1,0.0,0.0,b æ b h a ɹ o k ɔ ɹ o t̪ i ʃ,3,V,2,PST,HAB,LGSPEC1,,,,,
ব্যবহার করা,ব্যবহার করি,V;1;PRS,0.0,0.0,b æ b h a ɹ o k o ɹ i,2,V,1,PRS,,,,,,,
ব্যবহার করা,ব্যবহার করছিলি,V;2;PST;PROG;LGSPEC1,0.0,0.0,b æ b h a ɹ o k ɔ ɹ t͡ʃʰ i l i,3,V,2,PST,PROG,LGSPEC1,,,,,
ব্যবহার করা,ব্যবহার করবে,V;2;FUT;POL,0.0,0.0,b æ b h a ɹ k ɔ ɹ b e,4,V,2,FUT,POL,,,,,,
ব্যবহার করা,ব্যবহার করা,V;V.MSDR,0.0,0.0,b æ b h a ɹ k ɔ ɹ a,0,V,V.MSDR,,,,,,,,
ব্যবহার করা,ব্যবহার করলাম,V;1;PST,0.0,0.0,b æ b h a ɹ k ɔ ɹ l a m,2,V,1,PST,,,,,,,
ব্যবহার করা,ব্যবহার করেন,V;3;PRS;POL,0.0,0.0,b æ b h a ɹ k ɔ ɹ e n,3,V,3,PRS,POL,,,,,,
ব্যবহার করা,ব্যবহার করতেন,V;3;PST;HAB;POL,0.0,0.0,b æ b h a ɹ k ɔ ɹ t̪ e n,1,V,3,PST,HAB,POL,,,,,
ব্যবহার করা,ব্যবহার করেছিলি,V;2;PST;PRF;LGSPEC1,0.0,0.0,b æ b h a ɹ o k ɔ ɹ e t͡ʃʰ i l i,2,V,2,PST,PRF,LGSPEC1,,,,,
ব্যবহার করা,ব্যবহার করলে,V;V.PTCP;COND,0.0,0.0,b æ b h a ɹ k ɔ ɹ l e,4,V,V.PTCP,COND,,,,,,,
ব্যবহার করা,ব্যবহার করছো,V;3;PRS;PROG;INFM,0.0,0.0,b æ b h a ɹ k ɔ ɹ o t͡ʃʰ o,3,V,3,PRS,PROG,INFM,,,,,
ব্যবহার করা,ব্যবহার করতাম,V;1;PST;HAB,0.0,0.0,b æ b h a ɹ o k ɔ ɹ t̪ a m,1,V,1,PST,HAB,,,,,,
ব্যবহার করা,ব্যবহার করেছে,V;2;PRS;PRF;POL,0.0,0.0,b æ b h a ɹ o k ɔ ɹ e t͡ʃʰ e,2,V,2,PRS,PRF,POL,,,,,
ব্যবহার করা,ব্যবহার করছিলে,V;3;PST;PROG;INFM,0.0,0.0,b æ b h a ɹ o k ɔ ɹ t͡ʃʰ i l e,4,V,3,PST,PROG,INFM,,,,,
ব্যবহার করা,ব্যবহার করেছিলাম,V;1;PST;PRF,0.0,0.0,b æ b h a ɹ o k ɔ ɹ e t͡ʃʰ i l a m,1,V,1,PST,PRF,,,,,,
ব্যবহার করা,ব্যবহার করিস,V;2;PRS;LGSPEC1,0.0,0.0,b æ b h a ɹ o k ɔ ɹ i ʃ,3,V,2,PRS,LGSPEC1,,,,,,
উল্কি আঁকা,উল্কি আঁকলো,V;2;PST;POL,0.0,0.0,u l k i a k l o,1,V,2,PST,POL,,,,,,
উল্কি আঁকা,উল্কি এঁকেছি,V;1;PRS;PRF,0.0,0.0,u l k i e̯ k e t͡ʃʰ i,2,V,1,PRS,PRF,,,,,,
উল্কি আঁকা,উল্কি আঁকছিলো,V;2;PST;PROG;POL,0.0,0.0,u l k i a k s i l o,4,V,2,PST,PROG,POL,,,,,
উল্কি আঁকা,উল্কি আঁকছিস,V;2;PRS;PROG;LGSPEC1,0.0,0.0,u l k i a k s i ʃ,0,V,2,PRS,PROG,LGSPEC1,,,,,
উল্কি আঁকা,উল্কি আঁকলে,V;3;PST;INFM,0.0,0.0,u l k i a k l e,3,V,3,PST,INFM,,,,,,
উল্কি আঁকা,উল্কি আঁকতেআঁকতে,V;V.PTCP;PROG,0.0,0.0,u l k i a k t̪ e̯ a k ɔ t̪ e,0,V,V.PTCP,PROG,,,,,,,
উল্কি আঁকা,উল্কি আঁকলেন,V;3;PST;POL,0.0,0.0,u l k i a k l e n,4,V,3,PST,POL,,,,,,
উল্কি আঁকা,উল্কি এঁকেছেন,V;3;PRS;PRF;POL,0.0,0.0,u l k i e̯ k e t͡ʃʰ e n,3,V,3,PRS,PRF,POL,,,,,
উল্কি আঁকা,উল্কি আঁকবে,V;3;FUT;INFM,0.0,0.0,u l k i a k b e,4,V,3,FUT,INFM,,,,,,
উল্কি আঁকা,উল্কি আঁকলি,V;2;PST;LGSPEC1,0.0,0.0,u l k i a k l i,2,V,2,PST,LGSPEC1,,,,,,
উল্কি আঁকা,উল্কি এঁকেএঁকে,V;V.PTCP;HAB,0.0,0.0,u l k i e̯ k e e̯ k e,1,V,V.PTCP,HAB,,,,,,,
উল্কি আঁকা,উল্কি এঁকেছিলেন,V;3;PST;PRF;POL,0.0,0.0,u l k i e̯ k e t͡ʃʰ i l e n,2,V,3,PST,PRF,POL,,,,,
উল্কি আঁকা,উল্কি আঁকো,V;3;PRS;INFM,0.0,0.0,u l k i a k o,1,V,3,PRS,INFM,,,,,,
উল্কি আঁকা,উল্কি এঁকেছিস,V;2;PRS;PRF;LGSPEC1,0.0,0.0,u l k i e̯ k e t͡ʃʰ i ʃ,3,V,2,PRS,PRF,LGSPEC1,,,,,
উল্কি আঁকা,উল্কি আঁকছিলেন,V;3;PST;PROG;POL,0.0,0.0,u l k i a k s i l e n,3,V,3,PST,PROG,POL,,,,,
উল্কি আঁকা,উল্কি আঁকছেন,V;3;PRS;PROG;POL,0.0,0.0,u l k i a k s e n,0,V,3,PRS,PROG,POL,,,,,
উল্কি আঁকা,উল্কি আঁকতে,V;3;PST;HAB;INFM,0.0,0.0,u l k i a k t̪ e,1,V,3,PST,HAB,INFM,,,,,
উল্কি আঁকা,উল্কি আঁকবি,V;2;FUT;LGSPEC1,0.0,0.0,u l k i a k b i,0,V,2,FUT,LGSPEC1,,,,,,
উল্কি আঁকা,উল্কি আঁকছিলাম,V;1;PST;PROG,0.0,0.0,u l k i a k s i l a m,2,V,1,PST,PROG,,,,,,
উল্কি আঁকা,উল্কি আঁকছি,V;1;PRS;PROG,0.0,0.0,u l k i a k s i,2,V,1,PRS,PROG,,,,,,
উল্কি আঁকা,উল্কি এঁকেছিলো,V;2;PST;PRF;POL,0.0,0.0,u l k i e̯ k e t͡ʃʰ i l o,3,V,2,PST,PRF,POL,,,,,
উল্কি আঁকা,উল্কি এঁকে,V;V.PTCP;PRF,0.0,0.0,u l k i e̯ k e,0,V,V.PTCP,PRF,,,,,,,
উল্কি আঁকা,উল্কি আঁকতে,V;V.NFIN,0.0,0.0,u l k i a k t̪ e,2,V,V.NFIN,,,,,,,,
উল্কি আঁকা,উল্কি এঁকেছো,V;3;PRS;PRF;INFM,0.0,0.0,u l k i e̯ k e t͡ʃʰ o,3,V,3,PRS,PRF,INFM,,,,,
উল্কি আঁকা,উল্কি আঁকবেন,V;3;FUT;POL,0.0,0.0,u l k i a k b e n,1,V,3,FUT,POL,,,,,,
উল্কি আঁকা,উল্কি আঁকছে,V;2;PRS;PROG;POL,0.0,0.0,u l k i a k s e,4,V,2,PRS,PROG,POL,,,,,
উল্কি আঁকা,উল্কি আঁকে,V;2;PRS;POL,0.0,0.0,u l k i a k e,0,V,2,PRS,POL,,,,,,
উল্কি আঁকা,উল্কি আঁকতো,V;2;PST;HAB;POL,0.0,0.0,u l k i a k o t̪ o,1,V,2,PST,HAB,POL,,,,,
উল্কি আঁকা,উল্কি এঁকেছিলে,V;3;PST;PRF;INFM,0.0,0.0,u l k i e̯ k e t͡ʃʰ i l e,2,V,3,PST,PRF,INFM,,,,,
উল্কি আঁকা,উল্কি আঁকবো,V;1;FUT,0.0,0.0,u l k i a k b o,4,V,1,FUT,,,,,,,
উল্কি আঁকা,উল্কি আঁকতিস,V;2;PST;HAB;LGSPEC1,0.0,0.0,u l k i a k t̪ i ʃ,0,V,2,PST,HAB,LGSPEC1,,,,,
উল্কি আঁকা,উল্কি আঁকি,V;1;PRS,0.0,0.0,u l k i a k i,3,V,1,PRS,,,,,,,
উল্কি আঁকা,উল্কি আঁকছিলি,V;2;PST;PROG;LGSPEC1,0.0,0.0,u l k i a k s i l i,0,V,2,PST,PROG,LGSPEC1,,,,,
উল্কি আঁকা,উল্কি আঁকবে,V;2;FUT;POL,0.0,0.0,u l k i a k b e,4,V,2,FUT,POL,,,,,,
উল্কি আঁকা,উল্কি আঁকা,V;V.MSDR,0.0,0.0,u l k i a k a,0,V,V.MSDR,,,,,,,,
উল্কি আঁকা,উল্কি আঁকলাম,V;1;PST,0.0,0.0,u l k i a k l a m,1,V,1,PST,,,,,,,
উল্কি আঁকা,উল্কি আঁকেন,V;3;PRS;POL,0.0,0.0,u l k i a k e n,3,V,3,PRS,POL,,,,,,
উল্কি আঁকা,উল্কি আঁকতেন,V;3;PST;HAB;POL,0.0,0.0,u l k i a k t̪ e n,2,V,3,PST,HAB,POL,,,,,
উল্কি আঁকা,উল্কি এঁকেছিলি,V;2;PST;PRF;LGSPEC1,0.0,0.0,u l k i e̯ k e t͡ʃʰ i l i,2,V,2,PST,PRF,LGSPEC1,,,,,
উল্কি আঁকা,উল্কি আঁকলে,V;V.PTCP;COND,0.0,0.0,u l k i a k l e,4,V,V.PTCP,COND,,,,,,,
উল্কি আঁকা,উল্কি আঁকছো,V;3;PRS;PROG;INFM,0.0,0.0,u l k i a k s o,1,V,3,PRS,PROG,INFM,,,,,
উল্কি আঁকা,উল্কি আঁকতাম,V;1;PST;HAB,0.0,0.0,u l k i a k t̪ a m,1,V,1,PST,HAB,,,,,,
উল্কি আঁকা,উল্কি এঁকেছে,V;2;PRS;PRF;POL,0.0,0.0,u l k i e̯ k e t͡ʃʰ e,2,V,2,PRS,PRF,POL,,,,,
উল্কি আঁকা,উল্কি আঁকছিলে,V;3;PST;PROG;INFM,0.0,0.0,u l k i a k s i l e,2,V,3,PST,PROG,INFM,,,,,
উল্কি আঁকা,উল্কি এঁকেছিলাম,V;1;PST;PRF,0.0,0.0,u l k i e̯ k e t͡ʃʰ i l a m,2,V,1,PST,PRF,,,,,,
উল্কি আঁকা,উল্কি আঁকিস,V;2;PRS;LGSPEC1,0.0,0.0,u l k i a k i ʃ,3,V,2,PRS,LGSPEC1,,,,,,
ভুলে যাওয়া,ভুলে গেলো,V;2;PST;POL,0.0,0.0,bʱ u l e ɡ e l o,0,V,2,PST,POL,,,,,,
ভুলে যাওয়া,ভুলে গিয়েছি,V;1;PRS;PRF,0.0,0.0,bʱ u l e ɡ i̯ e s i,1,V,1,PRS,PRF,,,,,,
ভুলে যাওয়া,ভুলে যাচ্ছিলো,V;2;PST;PROG;POL,0.0,0.0,bʱ u l e d͡ʒː i l o,0,V,2,PST,PROG,POL,,,,,
ভুলে যাওয়া,ভুলে যাচ্ছিস,V;2;PRS;PROG;LGSPEC1,0.0,0.0,bʱ u l e d͡ʒː i ʃ,1,V,2,PRS,PROG,LGSPEC1,,,,,
ভুলে যাওয়া,ভুলে গেলে,V;3;PST;INFM,0.0,0.0,bʱ u l e ɡ e l e,2,V,3,PST,INFM,,,,,,
ভুলে যাওয়া,ভুলে যেতেযেতে,V;V.PTCP;PROG,0.0,0.0,bʱ u l e d͡ʒ e t̪ e d͡ʒ e t̪ e,3,V,V.PTCP,PROG,,,,,,,
ভুলে যাওয়া,ভুলে গেলেন,V;3;PST;POL,0.0,0.0,bʱ u l e ɡ e l e n,1,V,3,PST,POL,,,,,,
ভুলে যাওয়া,ভুলে গিয়েছেন,V;3;PRS;PRF;POL,0.0,0.0,bʱ u l e ɡ i̯ e t͡ʃʰ e n,0,V,3,PRS,PRF,POL,,,,,
ভুলে যাওয়া,ভুলে যাবে,V;3;FUT;INFM,0.0,0.0,bʱ u l e d͡ʒ a b e,4,V,3,FUT,INFM,,,,,,
ভুলে যাওয়া,ভুলে গেলি,V;2;PST;LGSPEC1,0.0,0.0,bʱ u l e ɡ e l i,2,V,2,PST,LGSPEC1,,,,,,
ভুলে যাওয়া,ভুলে গিয়েগিয়ে,V;V.PTCP;HAB,0.0,0.0,bʱ u l e ɡ i̯ e ɡ i̯ e,2,V,V.PTCP,HAB,,,,,,,
ভুলে যাওয়া,ভুলে গিয়েছিলেন,V;3;PST;PRF;POL,0.0,0.0,bʱ u l e ɡ i̯ e t͡ʃʰ i l e n,3,V,3,PST,PRF,POL,,,,,
ভুলে যাওয়া,ভুলে যাও,V;3;PRS;INFM,0.0,0.0,bʱ u l e d͡ʒ a o̯,4,V,3,PRS,INFM,,,,,,
ভুলে যাওয়া,ভুলে গিয়েছিস,V;2;PRS;PRF;LGSPEC1,0.0,0.0,bʱ u l e ɡ i̯ e t͡ʃʰ i ʃ,2,V,2,PRS,PRF,LGSPEC1,,,,,
ভুলে যাওয়া,ভুলে যাচ্ছিলেন,V;3;PST;PROG;POL,0.0,0.0,bʱ u l e d͡ʒː i l e n,4,V,3,PST,PROG,POL,,,,,
ভুলে যাওয়া,ভুলে যাচ্ছেন,V;3;PRS;PROG;POL,0.0,0.0,bʱ u l e d͡ʒ a t͡ʃʰː e n,3,V,3,PRS,PROG,POL,,,,,
ভুলে যাওয়া,ভুলে যেতে,V;3;PST;HAB;INFM,0.0,0.0,bʱ u l e d͡ʒ e t̪ e,0,V,3,PST,HAB,INFM,,,,,
ভুলে যাওয়া,ভুলে যাবি,V;2;FUT;LGSPEC1,0.0,0.0,bʱ u l e d͡ʒ a b i,0,V,2,FUT,LGSPEC1,,,,,,
ভুলে যাওয়া,ভুলে যাচ্ছিলাম,V;1;PST;PROG,0.0,0.0,bʱ u l e d͡ʒː i l a m,4,V,1,PST,PROG,,,,,,
ভুলে যাওয়া,ভুলে যাচ্ছি,V;1;PRS;PROG,0.0,0.0,bʱ u l e d͡ʒ a t͡ʃʰː i,4,V,1,PRS,PROG,,,,,,
ভুলে যাওয়া,ভুলে গিয়েছিলো,V;2;PST;PRF;POL,0.0,0.0,bʱ u l e ɡ i̯ e t͡ʃʰ i l o,0,V,2,PST,PRF,POL,,,,,
ভুলে যাওয়া,ভুলে গিয়ে,V;V.PTCP;PRF,0.0,0.0,bʱ u l e ɡ i̯ e,1,V,V.PTCP,PRF,,,,,,,
ভুলে যাওয়া,ভুলে যেতে,V;V.NFIN,0.0,0.0,bʱ u l e d͡ʒ e t̪ e,0,V,V.NFIN,,,,,,,,
ভুলে যাওয়া,ভুলে গিয়েছো,V;3;PRS;PRF;INFM,0.0,0.0,bʱ u l e ɡ i̯ e s o,3,V,3,PRS,PRF,INFM,,,,,
ভুলে যাওয়া,ভুলে যাবেন,V;3;FUT;POL,0.0,0.0,bʱ u l e d͡ʒ a b e n,3,V,3,FUT,POL,,,,,,
ভুলে যাওয়া,ভুলে যাচ্ছে,V;2;PRS;PROG;POL,0.0,0.0,bʱ u l e d͡ʒ a t͡ʃʰː e,2,V,2,PRS,PROG,POL,,,,,
ভুলে যাওয়া,ভুলে যায়,V;2;PRS;POL,0.0,0.0,bʱ u l e e̯,1,V,2,PRS,POL,,,,,,
ভুলে যাওয়া,ভুলে যেতো,V;2;PST;HAB;POL,0.0,0.0,bʱ u l e d͡ʒ e t̪ o,4,V,2,PST,HAB,POL,,,,,
ভুলে যাওয়া,ভুলে গিয়েছিলে,V;3;PST;PRF;INFM,0.0,0.0,bʱ u l e ɡ i̯ e t͡ʃʰ i l e,1,V,3,PST,PRF,INFM,,,,,
ভুলে যাওয়া,ভুলে যাবো,V;1;FUT,0.0,0.0,bʱ u l e d͡ʒ a b o,1,V,1,FUT,,,,,,,
ভুলে যাওয়া,ভুলে যেতিস,V;2;PST;HAB;LGSPEC1,0.0,0.0,bʱ u l e d͡ʒ e t̪ i ʃ,0,V,2,PST,HAB,LGSPEC1,,,,,
ভুলে যাওয়া,ভুলে যাই,V;1;PRS,0.0,0.0,bʱ u l e d͡ʒ a i̯,1,V,1,PRS,,,,,,,
ভুলে যাওয়া,ভুলে যাচ্ছিলি,V;2;PST;PROG;LGSPEC1,0.0,0.0,bʱ u l e d͡ʒː i l i,4,V,2,PST,PROG,LGSPEC1,,,,,
ভুলে যাওয়া,ভুলে যাবে,V;2;FUT;POL,0.0,0.0,bʱ u l e d͡ʒ a b e,3,V,2,FUT,POL,,,,,,
ভুলে যাওয়া,ভুলে যাওয়া,V;V.MSDR,0.0,0.0,bʱ u l e e o̯ a,3,V,V.MSDR,,,,,,,,
ভুলে যাওয়া,ভুলে গেলাম,V;1;PST,0.0,0.0,bʱ u l e ɡ e l a m,2,V,1,PST,,,,,,,
ভুলে যাওয়া,ভুলে যান,V;3;PRS;POL,0.0,0.0,bʱ u l e d͡ʒ a n,3,V,3,PRS,POL,,,,,,
ভুলে যাওয়া,ভুলে যেতেন,V;3;PST;HAB;POL,0.0,0.0,bʱ u l e d͡ʒ e t̪ e n,2,V,3,PST,HAB,POL,,,,,
ভুলে যাওয়া,ভুলে গিয়েছিলি,V;2;PST;PRF;LGSPEC1,0.0,0.0,bʱ u l e ɡ i̯ e t͡ʃʰ i l i,2,V,2,PST,PRF,LGSPEC1,,,,,
ভুলে যাওয়া,ভুলে গেলে,V;V.PTCP;COND,0.0,0.0,bʱ u l e ɡ e l e,2,V,V.PTCP,COND,,,,,,,
ভুলে যাওয়া,ভুলে যাচ্ছো,V;3;PRS;PROG;INFM,0.0,0.0,bʱ u l e d͡ʒ a t͡ʃʰː o,3,V,3,PRS,PROG,INFM,,,,,
ভুলে যাওয়া,ভুলে যেতাম,V;1;PST;HAB,0.0,0.0,bʱ u l e d͡ʒ e t̪ a m,0,V,1,PST,HAB,,,,,,
ভুলে যাওয়া,ভুলে গিয়েছে,V;2;PRS;PRF;POL,0.0,0.0,bʱ u l e ɡ i̯ e s e,2,V,2,PRS,PRF,POL,,,,,
ভুলে যাওয়া,ভুলে যাচ্ছিলে,V;3;PST;PROG;INFM,0.0,0.0,bʱ u l e d͡ʒː i l e,1,V,3,PST,PROG,INFM,,,,,
ভুলে যাওয়া,ভুলে গিয়েছিলাম,V;1;PST;PRF,0.0,0.0,bʱ u l e ɡ i̯ e t͡ʃʰ i l a m,4,V,1,PST,PRF,,,,,,
ভুলে যাওয়া,ভুলে যাস,V;2;PRS;LGSPEC1,0.0,0.0,bʱ u l e d͡ʒ a ʃ,2,V,2,PRS,LGSPEC1,,,,,,
দেওয়া,দিলো,V;2;PST;POL,0.000105,0.0007662391304347,d̪ i l o,2,V,2,PST,POL,,,,,,
দেওয়া,দিয়েছি,V;1;PRS;PRF,3.4e-05,0.0007662391304347,d̪ i̯ e s i,3,V,1,PRS,PRF,,,,,,
দেওয়া,দিচ্ছিলো,V;2;PST;PROG;POL,2e-06,0.0007662391304347,d̪ i t͡ʃʰː i l o,3,V,2,PST,PROG,POL,,,,,
দেওয়া,দিচ্ছিস,V;2;PRS;PROG;LGSPEC1,0.0,0.0007662391304347,d̪ i t͡ʃʰː i ʃ,1,V,2,PRS,PROG,LGSPEC1,,,,,
দেওয়া,দিলে,V;3;PST;INFM,0.002456,0.0007662391304347,d̪ i l e,2,V,3,PST,INFM,,,,,,
দেওয়া,দেতে,V;V.PTCP;PROG,5e-06,0.0007662391304347,d̪ e t̪ e,2,V,V.PTCP,PROG,,,,,,,
দেওয়া,দিলেন,V;3;PST;POL,0.000641,0.0007662391304347,d̪ i l e n,4,V,3,PST,POL,,,,,,
দেওয়া,দিয়েছেন,V;3;PRS;PRF;POL,0.000159,0.0007662391304347,d̪ i̯ e t͡ʃʰ e n,1,V,3,PRS,PRF,POL,,,,,
দেওয়া,দিবে,V;3;FUT;INFM,0.000881,0.0007662391304347,d̪ i b e,3,V,3,FUT,INFM,,,,,,
দেওয়া,দিলি,V;2;PST;LGSPEC1,1e-05,0.0007662391304347,d̪ i l i,2,V,2,PST,LGSPEC1,,,,,,
দেওয়া,দিয়ে,V;V.PTCP;HAB,0.003309,0.0007662391304347,d̪ i̯ e,0,V,V.PTCP,HAB,,,,,,,
দেওয়া,দিয়েছিলেন,V;3;PST;PRF;POL,3.5e-05,0.0007662391304347,d̪ i̯ e t͡ʃʰ i l e n,3,V,3,PST,PRF,POL,,,,,
দেওয়া,দাও,V;3;PRS;INFM,0.0002,0.0007662391304347,d̪ a o̯,1,V,3,PRS,INFM,,,,,,
দেওয়া,দিয়েছিস,V;2;PRS;PRF;LGSPEC1,0.0,0.0007662391304347,d̪ i̯ e s i ʃ,0,V,2,PRS,PRF,LGSPEC1,,,,,
দেওয়া,দিচ্ছিলেন,V;3;PST;PROG;POL,2.5e-05,0.0007662391304347,d̪ i t͡ʃʰː i l e n,3,V,3,PST,PROG,POL,,,,,
দেওয়া,দিচ্ছেন,V;3;PRS;PROG;POL,0.000352,0.0007662391304347,d̪ i t͡ʃʰː e n,0,V,3,PRS,PROG,POL,,,,,
দেওয়া,দিতে,V;3;PST;HAB;INFM,0.012841,0.0007662391304347,d̪ i t̪ e,4,V,3,PST,HAB,INFM,,,,,
দেওয়া,দিবি,V;2;FUT;LGSPEC1,4e-06,0.0007662391304347,d̪ i b i,4,V,2,FUT,LGSPEC1,,,,,,
দেওয়া,দিচ্ছিলাম,V;1;PST;PROG,4e-06,0.0007662391304347,d̪ i t͡ʃʰː i l a m,3,V,1,PST,PROG,,,,,,
দেওয়া,দিচ্ছি,V;1;PRS;PROG,0.000295,0.0007662391304347,d̪ i t͡ʃʰː i,1,V,1,PRS,PROG,,,,,,
দেওয়া,দিয়েছিলো,V;2;PST;PRF;POL,3e-06,0.0007662391304347,d̪ i̯ e t͡ʃʰ i l o,4,V,2,PST,PRF,POL,,,,,
দেওয়া,দিয়ে,V;V.PTCP;PRF,0.003309,0.0007662391304347,d̪ i̯ e,2,V,V.PTCP,PRF,,,,,,,
দেওয়া,দেতে,V;V.NFIN,5e-06,0.0007662391304347,d̪ e t̪ e,1,V,V.NFIN,,,,,,,,
দেওয়া,দিয়েছো,V;3;PRS;PRF;INFM,0.0,0.0007662391304347,d̪ i̯ e s o,3,V,3,PRS,PRF,INFM,,,,,
দেওয়া,দিবেন,V;3;FUT;POL,0.000607,0.0007662391304347,d̪ i b e n,3,V,3,FUT,POL,,,,,,
দেওয়া,দিচ্ছে,V;2;PRS;PROG;POL,0.001096,0.0007662391304347,d̪ i t͡ʃʰː e,3,V,2,PRS,PROG,POL,,,,,
দেওয়া,দেয়,V;2;PRS;POL,0.00034,0.0007662391304347,d̪ e e,1,V,2,PRS,POL,,,,,,
দেওয়া,দিতো,V;2;PST;HAB;POL,4.9e-05,0.0007662391304347,d̪ i t̪ o,3,V,2,PST,HAB,POL,,,,,
দেওয়া,দিয়েছিলে,V;3;PST;PRF;INFM,0.0,0.0007662391304347,d̪ i̯ e t͡ʃʰ i l e,4,V,3,PST,PRF,INFM,,,,,
দেওয়া,দিবো,V;1;FUT,0.0001,0.0007662391304347,d̪ i b o,2,V,1,FUT,,,,,,,
দেওয়া,দিতিস,V;2;PST;HAB;LGSPEC1,0.0,0.0007662391304347,d̪ i t̪ i ʃ,1,V,2,PST,HAB,LGSPEC1,,,,,
দেওয়া,দেই,V;1;PRS,0.00027,0.0007662391304347,d̪ e i̯,0,V,1,PRS,,,,,,,
দেওয়া,দিচ্ছিলি,V;2;PST;PROG;LGSPEC1,0.0,0.0007662391304347,d̪ i t͡ʃʰː i l i,4,V,2,PST,PROG,LGSPEC1,,,,,
দেওয়া,দিবে,V;2;FUT;POL,0.000881,0.0007662391304347,d̪ i b e,3,V,2,FUT,POL,,,,,,
দেওয়া,দেওয়া,V;V.MSDR,0.000914,0.0007662391304347,d̪ e o̯ a,2,V,V.MSDR,,,,,,,,
দেওয়া,দিলাম,V;1;PST,0.000538,0.0007662391304347,d̪ i l a m,2,V,1,PST,,,,,,,
দেওয়া,দেন,V;3;PRS;POL,0.002915,0.0007662391304347,d̪ e n,2,V,3,PRS,POL,,,,,,
দেওয়া,দিতেন,V;3;PST;HAB;POL,0.000185,0.0007662391304347,d̪ i t̪ e n,3,V,3,PST,HAB,POL,,,,,
দেওয়া,দিয়েছিলি,V;2;PST;PRF;LGSPEC1,0.0,0.0007662391304347,d̪ i̯ e t͡ʃʰ i l i,0,V,2,PST,PRF,LGSPEC1,,,,,
দেওয়া,দিলে,V;V.PTCP;COND,0.002456,0.0007662391304347,d̪ i l e,2,V,V.PTCP,COND,,,,,,,
দেওয়া,দিচ্ছো,V;3;PRS;PROG;INFM,4e-06,0.0007662391304347,d̪ i t͡ʃʰː o,0,V,3,PRS,PROG,INFM,,,,,
দেওয়া,দিতাম,V;1;PST;HAB,2.1e-05,0.0007662391304347,d̪ i t̪ a m,3,V,1,PST,HAB,,,,,,
দেওয়া,দিয়েছে,V;2;PRS;PRF;POL,0.00017,0.0007662391304347,d̪ i̯ e s e,2,V,2,PRS,PRF,POL,,,,,
দেওয়া,দিচ্ছিলে,V;3;PST;PROG;INFM,0.0,0.0007662391304347,d̪ i t͡ʃʰː i l e,3,V,3,PST,PROG,INFM,,,,,
দেওয়া,দিয়েছিলাম,V;1;PST;PRF,5e-06,0.0007662391304347,d̪ i̯ e t͡ʃʰ i l a m,3,V,1,PST,PRF,,,,,,
দেওয়া,দিস,V;2;PRS;LGSPEC1,2.1e-05,0.0007662391304347,d̪ i ʃ,0,V,2,PRS,LGSPEC1,,,,,,
ওঠা,উঠলো,V;2;PST;POL,5.4e-05,0.0002312391304347,u tʰ l o,3,V,2,PST,POL,,,,,,
ওঠা,উঠেছি,V;1;PRS;PRF,1.2e-05,0.0002312391304347,u tʰ e t͡ʃʰ i,3,V,1,PRS,PRF,,,,,,
ওঠা,উঠছিলো,V;2;PST;PROG;POL,3e-06,0.0002312391304347,u tʰ tʰ s i l o,3,V,2,PST,PROG,POL,,,,,
ওঠা,উঠছিস,V;2;PRS;PROG;LGSPEC1,0.0,0.0002312391304347,u tʰ tʰ o t͡ʃʰ i ʃ,3,V,2,PRS,PROG,LGSPEC1,,,,,
ওঠা,উঠলে,V;3;PST;INFM,0.000164,0.0002312391304347,u tʰ l e,0,V,3,PST,INFM,,,,,,
ওঠা,উঠতে,V;V.PTCP;PROG,0.000952,0.0002312391304347,u tʰ t̪ e,1,V,V.PTCP,PROG,,,,,,,
ওঠা,উঠলেন,V;3;PST;POL,8.2e-05,0.0002312391304347,u tʰ l e n,4,V,3,PST,POL,,,,,,
ওঠা,উঠেছেন,V;3;PRS;PRF;POL,7.7e-05,0.0002312391304347,u tʰ e t͡ʃʰ e n,2,V,3,PRS,PRF,POL,,,,,
ওঠা,উঠবে,V;3;FUT;INFM,0.000359,0.0002312391304347,u tʰ b e,0,V,3,FUT,INFM,,,,,,
ওঠা,উঠলি,V;2;PST;LGSPEC1,0.0,0.0002312391304347,u tʰ l i,1,V,2,PST,LGSPEC1,,,,,,
ওঠা,উঠে,V;V.PTCP;HAB,0.001945,0.0002312391304347,u tʰ e,0,V,V.PTCP,HAB,,,,,,,
ওঠা,উঠেছিলেন,V;3;PST;PRF;POL,3.9e-05,0.0002312391304347,u tʰ e t͡ʃʰ i l e n,0,V,3,PST,PRF,POL,,,,,
ওঠা,ওঠো,V;3;PRS;INFM,3e-06,0.0002312391304347,o ʈʰ o,3,V,3,PRS,INFM,,,,,,
ওঠা,উঠেছিস,V;2;PRS;PRF;LGSPEC1,0.0,0.0002312391304347,u tʰ e t͡ʃʰ i ʃ,3,V,2,PRS,PRF,LGSPEC1,,,,,
ওঠা,উঠছিলেন,V;3;PST;PROG;POL,5e-06,0.0002312391304347,u tʰ t͡ʃʰ i l e n,0,V,3,PST,PROG,POL,,,,,
ওঠা,উঠছেন,V;3;PRS;PROG;POL,1.7e-05,0.0002312391304347,u tʰ tʰ o t͡ʃʰ e n,4,V,3,PRS,PROG,POL,,,,,
ওঠা,উঠতে,V;3;PST;HAB;INFM,0.000952,0.0002312391304347,u tʰ t̪ e,2,V,3,PST,HAB,INFM,,,,,
ওঠা,উঠবি,V;2;FUT;LGSPEC1,0.0,0.0002312391304347,u tʰ b i,3,V,2,FUT,LGSPEC1,,,,,,
ওঠা,উঠছিলাম,V;1;PST;PROG,1e-06,0.0002312391304347,u tʰ tʰ s i l a m,2,V,1,PST,PROG,,,,,,
ওঠা,উঠছি,V;1;PRS;PROG,3e-06,0.0002312391304347,u tʰ tʰ o t͡ʃʰ i,4,V,1,PRS,PROG,,,,,,
ওঠা,উঠেছিলো,V;2;PST;PRF;POL,7e-06,0.0002312391304347,u tʰ e t͡ʃʰ i l o,2,V,2,PST,PRF,POL,,,,,
ওঠা,উঠে,V;V.PTCP;PRF,0.001945,0.0002312391304347,u tʰ e,3,V,V.PTCP,PRF,,,,,,,
ওঠা,উঠতে,V;V.NFIN,0.000952,0.0002312391304347,u tʰ t̪ e,3,V,V.NFIN,,,,,,,,
ওঠা,উঠেছো,V;3;PRS;PRF;INFM,1e-06,0.0002312391304347,u tʰ e t͡ʃʰ o,4,V,3,PRS,PRF,INFM,,,,,
ওঠা,উঠবেন,V;3;FUT;POL,6.2e-05,0.0002312391304347,u tʰ b e n,3,V,3,FUT,POL,,,,,,
ওঠা,উঠছে,V;2;PRS;PROG;POL,0.000256,0.0002312391304347,u tʰ tʰ o t͡ʃʰ e,2,V,2,PRS,PROG,POL,,,,,
ওঠা,ওঠে,V;2;PRS;POL,0.000874,0.0002312391304347,o ʈʰ e,1,V,2,PRS,POL,,,,,,
ওঠা,উঠতো,V;2;PST;HAB;POL,2.7e-05,0.0002312391304347,u tʰ o t̪ o,4,V,2,PST,HAB,POL,,,,,
ওঠা,উঠেছিলে,V;3;PST;PRF;INFM,0.0,0.0002312391304347,u tʰ e t͡ʃʰ i l e,2,V,3,PST,PRF,INFM,,,,,
ওঠা,উঠবো,V;1;FUT,1e-05,0.0002312391304347,u tʰ b o,1,V,1,FUT,,,,,,,
ওঠা,উঠতিস,V;2;PST;HAB;LGSPEC1,0.0,0.0002312391304347,u tʰ t̪ i ʃ,1,V,2,PST,HAB,LGSPEC1,,,,,
ওঠা,উঠি,V;1;PRS,2.9e-05,0.0002312391304347,u ʈʰ i,4,V,1,PRS,,,,,,,
ওঠা,উঠছিলি,V;2;PST;PROG;LGSPEC1,0.0,0.0002312391304347,u tʰ tʰ s i l i,3,V,2,PST,PROG,LGSPEC1,,,,,
ওঠা,উঠবে,V;2;FUT;POL,0.000359,0.0002312391304347,u tʰ b e,3,V,2,FUT,POL,,,,,,
ওঠা,ওঠা,V;V.MSDR,0.000423,0.0002312391304347,o ʈʰ a,4,V,V.MSDR,,,,,,,,
ওঠা,উঠলাম,V;1;PST,1.6e-05,0.0002312391304347,u tʰ l a m,2,V,1,PST,,,,,,,
ওঠা,ওঠেন,V;3;PRS;POL,0.000123,0.0002312391304347,o ʈʰ e n,0,V,3,PRS,POL,,,,,,
ওঠা,উঠতেন,V;3;PST;HAB;POL,8e-06,0.0002312391304347,u tʰ t̪ e n,0,V,3,PST,HAB,POL,,,,,
ওঠা,উঠেছিলি,V;2;PST;PRF;LGSPEC1,0.0,0.0002312391304347,u tʰ e t͡ʃʰ i l i,3,V,2,PST,PRF,LGSPEC1,,,,,
ওঠা,উঠলে,V;V.PTCP;COND,0.000164,0.0002312391304347,u tʰ l e,2,V,V.PTCP,COND,,,,,,,
ওঠা,উঠছো,V;3;PRS;PROG;INFM,0.0,0.0002312391304347,u tʰ tʰ o t͡ʃʰ o,0,V,3,PRS,PROG,INFM,,,,,
ওঠা,উঠতাম,V;1;PST;HAB,6e-06,0.0002312391304347,u tʰ t̪ a m,3,V,1,PST,HAB,,,,,,
ওঠা,উঠেছে,V;2;PRS;PRF;POL,0.000699,0.0002312391304347,u tʰ e t͡ʃʰ e,1,V,2,PRS,PRF,POL,,,,,
ওঠা,উঠছিলে,V;3;PST;PROG;INFM,0.0,0.0002312391304347,u tʰ t͡ʃʰ i l e,3,V,3,PST,PROG,INFM,,,,,
ওঠা,উঠেছিলাম,V;1;PST;PRF,8e-06,0.0002312391304347,u tʰ e t͡ʃʰ i l a m,0,V,1,PST,PRF,,,,,,
ওঠা,উঠিস,V;2;PRS;LGSPEC1,0.0,0.0002312391304347,u tʰ i ʃ,2,V,2,PRS,LGSPEC1,,,,,,
ডিফ্র্যাগমেন্ট করা,ডিফ্র্যাগমেন্ট করলো,V;2;PST;POL,0.0,0.0,d i f ɹ æ ɡ m e n t o k ɔ ɹ l o,1,V,2,PST,POL,,,,,,
ডিফ্র্যাগমেন্ট করা,ডিফ্র্যাগমেন্ট করেছি,V;1;PRS;PRF,0.0,0.0,d i f ɹ æ ɡ m e n t o k ɔ ɹ e t͡ʃʰ i,1,V,1,PRS,PRF,,,,,,
ডিফ্র্যাগমেন্ট করা,ডিফ্র্যাগমেন্ট করছিলো,V;2;PST;PROG;POL,0.0,0.0,d i f ɹ æ ɡ m e n t o k ɔ ɹ t͡ʃʰ i l o,0,V,2,PST,PROG,POL,,,,,
ডিফ্র্যাগমেন্ট করা,ডিফ্র্যাগমেন্ট করছিস,V;2;PRS;PROG;LGSPEC1,0.0,0.0,d i f ɹ æ ɡ m e n t o k ɔ ɹ t͡ʃʰ i ʃ,2,V,2,PRS,PROG,LGSPEC1,,,,,
ডিফ্র্যাগমেন্ট করা,ডিফ্র্যাগমেন্ট করলে,V;3;PST;INFM,0.0,0.0,d i f ɹ æ ɡ m e n t o k ɔ ɹ l e,1,V,3,PST,INFM,,,,,,
ডিফ্র্যাগমেন্ট করা,ডিফ্র্যাগমেন্ট করতেকরতে,V;V.PTCP;PROG,0.0,0.0,d i f ɹ a ɡ m e n t o k ɔ ɹ t̪ e k ɔ r o t̪ e,1,V,V.PTCP,PROG,,,,,,,
ডিফ্র্যাগমেন্ট করা,ডিফ্র্যাগমেন্ট করলেন,V;3;PST;POL,0.0,0.0,d i f ɹ æ ɡ m e n t o k ɔ ɹ l e n,0,V,3,PST,POL,,,,,,
ডিফ্র্যাগমেন্ট করা,ডিফ্র্যাগমেন্ট করেছেন,V;3;PRS;PRF;POL,0.0,0.0,d i f ɹ æ ɡ m e n t o k ɔ ɹ e t͡ʃʰ e n,1,V,3,PRS,PRF,POL,,,,,
ডিফ্র্যাগমেন্ট করা,ডিফ্র্যাগমেন্ট করবে,V;3;FUT;INFM,0.0,0.0,d i f ɹ æ ɡ m e n t o k ɔ ɹ b e,2,V,3,FUT,INFM,,,,,,
ডিফ্র্যাগমেন্ট করা,ডিফ্র্যাগমেন্ট করলি,V;2;PST;LGSPEC1,0.0,0.0,d i f ɹ æ ɡ m e n t o k ɔ r o l i,1,V,2,PST,LGSPEC1,,,,,,
ডিফ্র্যাগমেন্ট করা,ডিফ্র্যাগমেন্ট করেকরে,V;V.PTCP;HAB,0.0,0.0,d i f ɹ æ ɡ m e n t o k ɔ ɹ e k ɔ ɹ e,0,V,V.PTCP,HAB,,,,,,,
ডিফ্র্যাগমেন্ট করা,ডিফ্র্যাগমেন্ট করেছিলেন,V;3;PST;PRF;POL,0.0,0.0,d i f ɹ æ ɡ m e n t o k ɔ ɹ e t͡ʃʰ i l e n,4,V,3,PST,PRF,POL,,,,,
ডিফ্র্যাগমেন্ট করা,ডিফ্র্যাগমেন্ট করো,V;3;PRS;INFM,0.0,0.0,d i f ɹ æ ɡ m e n t o k o ɹ o,3,V,3,PRS,INFM,,,,,,
ডিফ্র্যাগমেন্ট করা,ডিফ্র্যাগমেন্ট করেছিস,V;2;PRS;PRF;LGSPEC1,0.0,0.0,d i f ɹ æ ɡ m e n t o k ɔ ɹ e t͡ʃʰ i ʃ,2,V,2,PRS,PRF,LGSPEC1,,,,,
ডিফ্র্যাগমেন্ট করা,ডিফ্র্যাগমেন্ট করছিলেন,V;3;PST;PROG;POL,0.0,0.0,d i f ɹ æ ɡ m e n t o k ɔ ɹ t͡ʃʰ i l e n,3,V,3,PST,PROG,POL,,,,,
ডিফ্র্যাগমেন্ট করা,ডিফ্র্যাগমেন্ট করছেন,V;3;PRS;PROG;POL,0.0,0.0,d i f ɹ æ ɡ m e n t o k ɔ ɹ t͡ʃʰ e n,2,V,3,PRS,PROG,POL,,,,,
ডিফ্র্যাগমেন্ট করা,ডিফ্র্যাগমেন্ট করতে,V;3;PST;HAB;INFM,0.0,0.0,d i f ɹ æ ɡ m e n t o k ɔ ɹ o t̪ e,3,V,3,PST,HAB,INFM,,,,,
ডিফ্র্যাগমেন্ট করা,ডিফ্র্যাগমেন্ট করবি,V;2;FUT;LGSPEC1,0.0,0.0,d i f ɹ æ ɡ m e n t o k ɔ r o b i,3,V,2,FUT,LGSPEC1,,,,,,
ডিফ্র্যাগমেন্ট করা,ডিফ্র্যাগমেন্ট করছিলাম,V;1;PST;PROG,0.0,0.0,d i f ɹ æ ɡ m e n t o k ɔ ɹ t͡ʃʰ i l a m,1,V,1,PST,PROG,,,,,,
ডিফ্র্যাগমেন্ট করা,ডিফ্র্যাগমেন্ট করছি,V;1;PRS;PROG,0.0,0.0,d i f ɹ æ ɡ m e n t o k ɔ ɹ o t͡ʃʰ i,2,V,1,PRS,PROG,,,,,,
ডিফ্র্যাগমেন্ট করা,ডিফ্র্যাগমেন্ট করেছিলো,V;2;PST;PRF;POL,0.0,0.0,d i f ɹ æ ɡ m e n t o k ɔ ɹ e t͡ʃʰ i l o,4,V,2,PST,PRF,POL,,,,,
ডিফ্র্যাগমেন্ট করা,ডিফ্র্যাগমেন্ট করে,V;V.PTCP;PRF,0.0,0.0,d i f ɹ æ ɡ m e n t o k ɔ ɹ e,1,V,V.PTCP,PRF,,,,,,,
ডিফ্র্যাগমেন্ট করা,ডিফ্র্যাগমেন্ট করতে,V;V.NFIN,0.0,0.0,d i f ɹ æ ɡ m e n t o k ɔ ɹ o t̪ e,3,V,V.NFIN,,,,,,,,
ডিফ্র্যাগমেন্ট করা,ডিফ্র্যাগমেন্ট করেছো,V;3;PRS;PRF;INFM,0.0,0.0,d i f ɹ æ ɡ m e n t o k ɔ ɹ e t͡ʃʰ o,0,V,3,PRS,PRF,INFM,,,,,
ডিফ্র্যাগমেন্ট করা,ডিফ্র্যাগমেন্ট করবেন,V;3;FUT;POL,0.0,0.0,d i f ɹ æ ɡ m e n t o k ɔ ɹ b e n,4,V,3,FUT,POL,,,,,,
ডিফ্র্যাগমেন্ট করা,ডিফ্র্যাগমেন্ট করছে,V;2;PRS;PROG;POL,0.0,0.0,d i f ɹ æ ɡ m e n t o k ɔ ɹ o t͡ʃʰ e,4,V,2,PRS,PROG,POL,,,,,
ডিফ্র্যাগমেন্ট করা,ডিফ্র্যাগমেন্ট করে,V;2;PRS;POL,0.0,0.0,d i f ɹ æ ɡ m e n t o k ɔ ɹ e,4,V,2,PRS,POL,,,,,,
ডিফ্র্যাগমেন্ট করা,ডিফ্র্যাগমেন্ট করতো,V;2;PST;HAB;POL,0.0,0.0,d i f ɹ æ ɡ m e n t o k ɔ r o t̪ o,3,V,2,PST,HAB,POL,,,,,
ডিফ্র্যাগমেন্ট করা,ডিফ্র্যাগমেন্ট করেছিলে,V;3;PST;PRF;INFM,0.0,0.0,d i f ɹ æ ɡ m e n t o k ɔ ɹ e t͡ʃʰ i l e,1,V,3,PST,PRF,INFM,,,,,
ডিফ্র্যাগমেন্ট করা,ডিফ্র্যাগমেন্ট করবো,V;1;FUT,0.0,0.0,d i f ɹ æ ɡ m e n t o k ɔ r o b o,1,V,1,FUT,,,,,,,
ডিফ্র্যাগমেন্ট করা,ডিফ্র্যাগমেন্ট করতিস,V;2;PST;HAB;LGSPEC1,0.0,0.0,d i f ɹ æ ɡ m e n t o k ɔ ɹ o t̪ i ʃ,2,V,2,PST,HAB,LGSPEC1,,,,,
ডিফ্র্যাগমেন্ট করা,ডিফ্র্যাগমেন্ট করি,V;1;PRS,0.0,0.0,d i f ɹ æ ɡ m e n t o k o ɹ i,3,V,1,PRS,,,,,,,
ডিফ্র্যাগমেন্ট করা,ডিফ্র্যাগমেন্ট করছিলি,V;2;PST;PROG;LGSPEC1,0.0,0.0,d i f ɹ æ ɡ m e n t o k ɔ ɹ t͡ʃʰ i l i,1,V,2,PST,PROG,LGSPEC1,,,,,
ডিফ্র্যাগমেন্ট করা,ডিফ্র্যাগমেন্ট করবে,V;2;FUT;POL,0.0,0.0,d i f ɹ æ ɡ m e n t o k ɔ ɹ b e,2,V,2,FUT,POL,,,,,,
ডিফ্র্যাগমেন্ট করা,ডিফ্র্যাগমেন্ট করা,V;V.MSDR,0.0,0.0,d i f ɹ æ ɡ m e n t o k ɔ ɹ a,2,V,V.MSDR,,,,,,,,
ডিফ্র্যাগমেন্ট করা,ডিফ্র্যাগমেন্ট করলাম,V;1;PST,0.0,0.0,d i f ɹ æ ɡ m e n t o k ɔ ɹ l a m,0,V,1,PST,,,,,,,
ডিফ্র্যাগমেন্ট করা,ডিফ্র্যাগমেন্ট করেন,V;3;PRS;POL,0.0,0.0,d i f ɹ æ ɡ m e n t o k ɔ ɹ e n,2,V,3,PRS,POL,,,,,,
ডিফ্র্যাগমেন্ট করা,ডিফ্র্যাগমেন্ট করতেন,V;3;PST;HAB;POL,0.0,0.0,d i f ɹ æ ɡ m e n t o k ɔ ɹ t̪ e n,4,V,3,PST,HAB,POL,,,,,
ডিফ্র্যাগমেন্ট করা,ডিফ্র্যাগমেন্ট করেছিলি,V;2;PST;PRF;LGSPEC1,0.0,0.0,d i f ɹ æ ɡ m e n t o k ɔ ɹ e t͡ʃʰ i l i,4,V,2,PST,PRF,LGSPEC1,,,,,
ডিফ্র্যাগমেন্ট করা,ডিফ্র্যাগমেন্ট করলে,V;V.PTCP;COND,0.0,0.0,d i f ɹ æ ɡ m e n t o k ɔ ɹ l e,0,V,V.PTCP,COND,,,,,,,
ডিফ্র্যাগমেন্ট করা,ডিফ্র্যাগমেন্ট করছো,V;3;PRS;PROG;INFM,0.0,0.0,d i f ɹ æ ɡ m e n t o k ɔ ɹ o t͡ʃʰ o,2,V,3,PRS,PROG,INFM,,,,,
ডিফ্র্যাগমেন্ট করা,ডিফ্র্যাগমেন্ট করতাম,V;1;PST;HAB,0.0,0.0,d i f ɹ æ ɡ m e n t o k ɔ ɹ t̪ a m,0,V,1,PST,HAB,,,,,,
ডিফ্র্যাগমেন্ট করা,ডিফ্র্যাগমেন্ট করেছে,V;2;PRS;PRF;POL,0.0,0.0,d i f ɹ æ ɡ m e n t o k ɔ ɹ e t͡ʃʰ e,0,V,2,PRS,PRF,POL,,,,,
ডিফ্র্যাগমেন্ট করা,ডিফ্র্যাগমেন্ট করছিলে,V;3;PST;PROG;INFM,0.0,0.0,d i f ɹ æ ɡ m e n t o k ɔ ɹ t͡ʃʰ i l e,4,V,3,PST,PROG,INFM,,,,,
ডিফ্র্যাগমেন্ট করা,ডিফ্র্যাগমেন্ট করেছিলাম,V;1;PST;PRF,0.0,0.0,d i f ɹ æ ɡ m e n t o k ɔ ɹ e t͡ʃʰ i l a m,0,V,1,PST,PRF,,,,,,
ডিফ্র্যাগমেন্ট করা,ডিফ্র্যাগমেন্ট করিস,V;2;PRS;LGSPEC1,0.0,0.0,d i f ɹ æ ɡ m e n t o k ɔ ɹ i ʃ,2,V,2,PRS,LGSPEC1,,,,,,
খোলা,খুল্লো,V;2;PST;POL,0.0,0.0001158260869565,kʰ u lː o,1,V,2,PST,POL,,,,,,
খোলা,খুলেছি,V;1;PRS;PRF,1.2e-05,0.0001158260869565,kʰ u l e t͡ʃʰ i,0,V,1,PRS,PRF,,,,,,
খোলা,খুলছিলো,V;2;PST;PROG;POL,0.0,0.0001158260869565,kʰ u l t͡ʃʰ i l o,2,V,2,PST,PROG,POL,,,,,
খোলা,খুলছিস,V;2;PRS;PROG;LGSPEC1,1e-06,0.0001158260869565,kʰ u l t͡ʃʰ i ʃ,4,V,2,PRS,PROG,LGSPEC1,,,,,
খোলা,খুল্লে,V;3;PST;INFM,1e-06,0.0001158260869565,kʰ u lː e,1,V,3,PST,INFM,,,,,,
খোলা,খুলতে,V;V.PTCP;PROG,0.000352,0.0001158260869565,kʰ u l t̪ e,0,V,V.PTCP,PROG,,,,,,,
খোলা,খুল্লেন,V;3;PST;POL,0.0,0.0001158260869565,kʰ u lː e n,3,V,3,PST,POL,,,,,,
খোলা,খুলেছেন,V;3;PRS;PRF;POL,3.6e-05,0.0001158260869565,kʰ u l e t͡ʃʰ e n,3,V,3,PRS,PRF,POL,,,,,
খোলা,খুলবে,V;3;FUT;INFM,3.1e-05,0.0001158260869565,kʰ u l b e,4,V,3,FUT,INFM,,,,,,
খোলা,খুল্লি,V;2;PST;LGSPEC1,0.0,0.0001158260869565,kʰ u lː i,3,V,2,PST,LGSPEC1,,,,,,
খোলা,খুলে,V;V.PTCP;HAB,0.001316,0.0001158260869565,kʰ u l e,0,V,V.PTCP,HAB,,,,,,,
খোলা,খুলেছিলেন,V;3;PST;PRF;POL,4e-06,0.0001158260869565,kʰ u l e t͡ʃʰ i l e n,4,V,3,PST,PRF,POL,,,,,
খোলা,খোলো,V;3;PRS;INFM,1e-06,0.0001158260869565,kʰ o l o,3,V,3,PRS,INFM,,,,,,
খোলা,খুলেছিস,V;2;PRS;PRF;LGSPEC1,0.0,0.0001158260869565,kʰ u l e t͡ʃʰ i ʃ,4,V,2,PRS,PRF,LGSPEC1,,,,,
খোলা,খুলছিলেন,V;3;PST;PROG;POL,1e-06,0.0001158260869565,kʰ u l t͡ʃʰ i l e n,3,V,3,PST,PROG,POL,,,,,
খোলা,খুলছেন,V;3;PRS;PROG;POL,8e-06,0.0001158260869565,kʰ u l t͡ʃʰ e n,4,V,3,PRS,PROG,POL,,,,,
খোলা,খুলতে,V;3;PST;HAB;INFM,0.000352,0.0001158260869565,kʰ u l t̪ e,4,V,3,PST,HAB,INFM,,,,,
খোলা,খুলবি,V;2;FUT;LGSPEC1,0.0,0.0001158260869565,kʰ u l b i,4,V,2,FUT,LGSPEC1,,,,,,
খোলা,খুলছিলাম,V;1;PST;PROG,0.0,0.0001158260869565,kʰ u l t͡ʃʰ i l a m,0,V,1,PST,PROG,,,,,,
খোলা,খুলছি,V;1;PRS;PROG,6e-06,0.0001158260869565,kʰ u l t͡ʃʰ i,4,V,1,PRS,PROG,,,,,,
খোলা,খুলেছিলো,V;2;PST;PRF;POL,1e-06,0.0001158260869565,kʰ u l e t͡ʃʰ i l o,0,V,2,PST,PRF,POL,,,,,
খোলা,খুলে,V;V.PTCP;PRF,0.001316,0.0001158260869565,kʰ u l e,3,V,V.PTCP,PRF,,,,,,,
খোলা,খুলতে,V;V.NFIN,0.000352,0.0001158260869565,kʰ u l t̪ e,1,V,V.NFIN,,,,,,,,
খোলা,খুলেছো,V;3;PRS;PRF;INFM,0.0,0.0001158260869565,kʰ u l e t͡ʃʰ o,3,V,3,PRS,PRF,INFM,,,,,
খোলা,খুলবেন,V;3;FUT;POL,4.3e-05,0.0001158260869565,kʰ u l b e n,0,V,3,FUT,POL,,,,,,
খোলা,খুলছে,V;2;PRS;PROG;POL,2.5e-05,0.0001158260869565,kʰ u l t͡ʃʰ e,4,V,2,PRS,PROG,POL,,,,,
খোলা,খোলে,V;2;PRS;POL,3e-05,0.0001158260869565,kʰ o l e,0,V,2,PRS,POL,,,,,,
খোলা,খুলতো,V;2;PST;HAB;POL,0.0,0.0001158260869565,kʰ u l t̪ o,3,V,2,PST,HAB,POL,,,,,
খোলা,খুলেছিলে,V;3;PST;PRF;INFM,0.0,0.0001158260869565,kʰ u l e t͡ʃʰ i l e,0,V,3,PST,PRF,INFM,,,,,
খোলা,খুলবো,V;1;FUT,3e-06,0.0001158260869565,kʰ u l b o,2,V,1,FUT,,,,,,,
খোলা,খুলতিস,V;2;PST;HAB;LGSPEC1,0.0,0.0001158260869565,kʰ u l t̪ i ʃ,0,V,2,PST,HAB,LGSPEC1,,,,,
খোলা,খুলি,V;1;PRS,2.7e-05,0.0001158260869565,kʰ u l i,1,V,1,PRS,,,,,,,
খোলা,খুলছিলি,V;2;PST;PROG;LGSPEC1,0.0,0.0001158260869565,kʰ u l t͡ʃʰ i l i,0,V,2,PST,PROG,LGSPEC1,,,,,
খোলা,খুলবে,V;2;FUT;POL,3.1e-05,0.0001158260869565,kʰ u l b e,4,V,2,FUT,POL,,,,,,
খোলা,খোলা,V;V.MSDR,0.001328,0.0001158260869565,kʰ o l a,2,V,V.MSDR,,,,,,,,
খোলা,খুল্লাম,V;1;PST,0.0,0.0001158260869565,kʰ u lː a m,1,V,1,PST,,,,,,,
খোলা,খোলেন,V;3;PRS;POL,1.9e-05,0.0001158260869565,kʰ o l e n,0,V,3,PRS,POL,,,,,,
খোলা,খুলতেন,V;3;PST;HAB;POL,1e-06,0.0001158260869565,kʰ u l t̪ e n,0,V,3,PST,HAB,POL,,,,,
খোলা,খুলেছিলি,V;2;PST;PRF;LGSPEC1,0.0,0.0001158260869565,kʰ u l e t͡ʃʰ i l i,2,V,2,PST,PRF,LGSPEC1,,,,,
খোলা,খুল্লে,V;V.PTCP;COND,1e-06,0.0001158260869565,kʰ u lː e,2,V,V.PTCP,COND,,,,,,,
খোলা,খুলছো,V;3;PRS;PROG;INFM,0.0,0.0001158260869565,kʰ u l t͡ʃʰ o,3,V,3,PRS,PROG,INFM,,,,,
খোলা,খুলতাম,V;1;PST;HAB,0.0,0.0001158260869565,kʰ u l t̪ a m,2,V,1,PST,HAB,,,,,,
খোলা,খুলেছে,V;2;PRS;PRF;POL,2.6e-05,0.0001158260869565,kʰ u l e t͡ʃʰ e,3,V,2,PRS,PRF,POL,,,,,
খোলা,খুলছিলে,V;3;PST;PROG;INFM,0.0,0.0001158260869565,kʰ u l t͡ʃʰ i l e,4,V,3,PST,PROG,INFM,,,,,
খোলা,খুলেছিলাম,V;1;PST;PRF,4e-06,0.0001158260869565,kʰ u l e t͡ʃʰ i l a m,4,V,1,PST,PRF,,,,,,
খোলা,খুলিস,V;2;PRS;LGSPEC1,0.0,0.0001158260869565,kʰ u l i ʃ,2,V,2,PRS,LGSPEC1,,,,,,
নেওয়া,নিলো,V;2;PST;POL,4.5e-05,0.0005519782608695,n i l o,2,V,2,PST,POL,,,,,,
নেওয়া,নিয়েছি,V;1;PRS;PRF,1.8e-05,0.0005519782608695,n i̯ e s i,0,V,1,PRS,PRF,,,,,,
নেওয়া,নিচ্ছিলো,V;2;PST;PROG;POL,2e-06,0.0005519782608695,n i t͡ʃʰː i l o,2,V,2,PST,PROG,POL,,,,,
নেওয়া,নিচ্ছিস,V;2;PRS;PROG;LGSPEC1,0.0,0.0005519782608695,n i t͡ʃʰː i ʃ,3,V,2,PRS,PROG,LGSPEC1,,,,,
নেওয়া,নিলে,V;3;PST;INFM,0.000661,0.0005519782608695,n i l e,2,V,3,PST,INFM,,,,,,
নেওয়া,নেতে,V;V.PTCP;PROG,1e-06,0.0005519782608695,n e t̪ e,0,V,V.PTCP,PROG,,,,,,,
নেওয়া,নিলেন,V;3;PST;POL,0.000229,0.0005519782608695,n i l e n,0,V,3,PST,POL,,,,,,
নেওয়া,নিয়েছেন,V;3;PRS;PRF;POL,3.5e-05,0.0005519782608695,n i̯ e s e n,4,V,3,PRS,PRF,POL,,,,,
নেওয়া,নিবে,V;3;FUT;INFM,0.000159,0.0005519782608695,n i b e,3,V,3,FUT,INFM,,,,,,
নেওয়া,নিলি,V;2;PST;LGSPEC1,0.0,0.0005519782608695,n i l i,4,V,2,PST,LGSPEC1,,,,,,
নেওয়া,নিয়ে,V;V.PTCP;HAB,0.003619,0.0005519782608695,n i̯ e,1,V,V.PTCP,HAB,,,,,,,
নেওয়া,নিয়েছিলেন,V;3;PST;PRF;POL,1.1e-05,0.0005519782608695,n i̯ e t͡ʃʰ i l e n,1,V,3,PST,PRF,POL,,,,,
নেওয়া,নাও,V;3;PRS;INFM,0.000645,0.0005519782608695,n a o̯,1,V,3,PRS,INFM,,,,,,
নেওয়া,নিয়েছিস,V;2;PRS;PRF;LGSPEC1,0.0,0.0005519782608695,n i̯ e s i ʃ,1,V,2,PRS,PRF,LGSPEC1,,,,,
নেওয়া,নিচ্ছিলেন,V;3;PST;PROG;POL,1.5e-05,0.0005519782608695,n i t͡ʃʰː i l e n,0,V,3,PST,PROG,POL,,,,,
নেওয়া,নিচ্ছেন,V;3;PRS;PROG;POL,0.000198,0.0005519782608695,n i t͡ʃʰː e n,1,V,3,PRS,PROG,POL,,,,,
নেওয়া,নিতে,V;3;PST;HAB;INFM,0.007322,0.0005519782608695,n i t̪ e,2,V,3,PST,HAB,INFM,,,,,
নেওয়া,নিবি,V;2;FUT;LGSPEC1,1e-06,0.0005519782608695,n i b i,3,V,2,FUT,LGSPEC1,,,,,,
নেওয়া,নিচ্ছিলাম,V;1;PST;PROG,3e-06,0.0005519782608695,n i t͡ʃʰː i l a m,4,V,1,PST,PROG,,,,,,
নেওয়া,নিচ্ছি,V;1;PRS;PROG,0.000117,0.0005519782608695,n i t͡ʃʰː i,1,V,1,PRS,PROG,,,,,,
নেওয়া,নিয়েছিলো,V;2;PST;PRF;POL,2e-06,0.0005519782608695,n i̯ e t͡ʃʰ i l o,0,V,2,PST,PRF,POL,,,,,
নেওয়া,নিয়ে,V;V.PTCP;PRF,0.003619,0.0005519782608695,n i̯ e,1,V,V.PTCP,PRF,,,,,,,
নেওয়া,নেতে,V;V.NFIN,1e-06,0.0005519782608695,n e t̪ e,1,V,V.NFIN,,,,,,,,
নেওয়া,নিয়েছো,V;3;PRS;PRF;INFM,0.0,0.0005519782608695,n i̯ e s o,1,V,3,PRS,PRF,INFM,,,,,
নেওয়া,নিবেন,V;3;FUT;POL,0.000286,0.0005519782608695,n i b e n,4,V,3,FUT,POL,,,,,,
নেওয়া,নিচ্ছে,V;2;PRS;PROG;POL,0.000392,0.0005519782608695,n i t͡ʃʰː e,0,V,2,PRS,PROG,POL,,,,,
নেওয়া,নেয়,V;2;PRS;POL,0.000103,0.0005519782608695,n e e,0,V,2,PRS,POL,,,,,,
নেওয়া,নিতো,V;2;PST;HAB;POL,1e-05,0.0005519782608695,n i t̪ o,3,V,2,PST,HAB,POL,,,,,
নেওয়া,নিয়েছিলে,V;3;PST;PRF;INFM,0.0,0.0005519782608695,n i̯ e t͡ʃʰ i l e,4,V,3,PST,PRF,INFM,,,,,
নেওয়া,নিবো,V;1;FUT,1.5e-05,0.0005519782608695,n i b o,3,V,1,FUT,,,,,,,
নেওয়া,নিতিস,V;2;PST;HAB;LGSPEC1,0.0,0.0005519782608695,n i t̪ i ʃ,4,V,2,PST,HAB,LGSPEC1,,,,,
নেওয়া,নেই,V;1;PRS,0.005317,0.0005519782608695,n e i̯,4,V,1,PRS,,,,,,,
নেওয়া,নিচ্ছিলি,V;2;PST;PROG;LGSPEC1,0.0,0.0005519782608695,n i t͡ʃʰː i l i,1,V,2,PST,PROG,LGSPEC1,,,,,
নেওয়া,নিবে,V;2;FUT;POL,0.000159,0.0005519782608695,n i b e,3,V,2,FUT,POL,,,,,,
নেওয়া,নেওয়া,V;V.MSDR,0.000271,0.0005519782608695,n e o̯ a,4,V,V.MSDR,,,,,,,,
নেওয়া,নিলাম,V;1;PST,0.000283,0.0005519782608695,n i l a m,4,V,1,PST,,,,,,,
নেওয়া,নেন,V;3;PRS;POL,0.001047,0.0005519782608695,n e n,4,V,3,PRS,POL,,,,,,
নেওয়া,নিতেন,V;3;PST;HAB;POL,3.6e-05,0.0005519782608695,n i t̪ e n,1,V,3,PST,HAB,POL,,,,,
নেওয়া,নিয়েছিলি,V;2;PST;PRF;LGSPEC1,0.0,0.0005519782608695,n i̯ e t͡ʃʰ i l i,0,V,2,PST,PRF,LGSPEC1,,,,,
নেওয়া,নিলে,V;V.PTCP;COND,0.000661,0.0005519782608695,n i l e,4,V,V.PTCP,COND,,,,,,,
নেওয়া,নিচ্ছো,V;3;PRS;PROG;INFM,0.0,0.0005519782608695,n i t͡ʃʰː o,0,V,3,PRS,PROG,INFM,,,,,
নেওয়া,নিতাম,V;1;PST;HAB,1.4e-05,0.0005519782608695,n i t̪ a m,2,V,1,PST,HAB,,,,,,
নেওয়া,নিয়েছে,V;2;PRS;PRF;POL,6.4e-05,0.0005519782608695,n i̯ e s e,0,V,2,PRS,PRF,POL,,,,,
নেওয়া,নিচ্ছিলে,V;3;PST;PROG;INFM,0.0,0.0005519782608695,n i t͡ʃʰː i l e,4,V,3,PST,PROG,INFM,,,,,
নেওয়া,নিয়েছিলাম,V;1;PST;PRF,5e-06,0.0005519782608695,n i̯ e t͡ʃʰ i l a m,4,V,1,PST,PRF,,,,,,
নেওয়া,নিস,V;2;PRS;LGSPEC1,2.5e-05,0.0005519782608695,n i ʃ,3,V,2,PRS,LGSPEC1,,,,,,
ঘুমানো,ঘুমালো,V;2;PST;POL,0.0,2.0130434782608695e-05,ɡʱ u m a l o,0,V,2,PST,POL,,,,,,
ঘুমানো,ঘুমিয়েছি,V;1;PRS;PRF,0.0,2.0130434782608695e-05,ɡʱ u m i̯ e t͡ʃʰ i,0,V,1,PRS,PRF,,,,,,
ঘুমানো,ঘুমাচ্ছিলো,V;2;PST;PROG;POL,0.0,2.0130434782608695e-05,ɡʱ u m a t͡ʃʰː i l o,0,V,2,PST,PROG,POL,,,,,
ঘুমানো,ঘুমাচ্ছিস,V;2;PRS;PROG;LGSPEC1,0.0,2.0130434782608695e-05,ɡʱ u m a t͡ʃʰː i ʃ,4,V,2,PRS,PROG,LGSPEC1,,,,,
ঘুমানো,ঘুমালে,V;3;PST;INFM,3.1e-05,2.0130434782608695e-05,ɡʱ u m a l e,3,V,3,PST,INFM,,,,,,
ঘুমানো,ঘুমাতে,V;V.PTCP;PROG,0.000235,2.0130434782608695e-05,ɡʱ u m a t̪ e,3,V,V.PTCP,PROG,,,,,,,
ঘুমানো,ঘুমালেন,V;3;PST;POL,1e-06,2.0130434782608695e-05,ɡʱ u m a l e n,4,V,3,PST,POL,,,,,,
ঘুমানো,ঘুমিয়েছেন,V;3;PRS;PRF;POL,0.0,2.0130434782608695e-05,ɡʱ u m i̯ e t͡ʃʰ e n,4,V,3,PRS,PRF,POL,,,,,
ঘুমানো,ঘুমাবে,V;3;FUT;INFM,3e-06,2.0130434782608695e-05,ɡʱ u m a b e,2,V,3,FUT,INFM,,,,,,
ঘুমানো,ঘুমালি,V;2;PST;LGSPEC1,0.0,2.0130434782608695e-05,ɡʱ u m a l i,1,V,2,PST,LGSPEC1,,,,,,
ঘুমানো,ঘুমায়,V;V.PTCP;HAB,4e-06,2.0130434782608695e-05,ɡʱ u m a e̯,2,V,V.PTCP,HAB,,,,,,,
ঘুমানো,ঘুমিয়েছিলেন,V;3;PST;PRF;POL,0.0,2.0130434782608695e-05,ɡʱ u m i̯ e t͡ʃʰ i l e n,2,V,3,PST,PRF,POL,,,,,
ঘুমানো,ঘুমাও,V;3;PRS;INFM,3e-06,2.0130434782608695e-05,ɡʱ u m a o̯,1,V,3,PRS,INFM,,,,,,
ঘুমানো,ঘুমিয়েছিস,V;2;PRS;PRF;LGSPEC1,0.0,2.0130434782608695e-05,ɡʱ u m i̯ e t͡ʃʰ i ʃ,2,V,2,PRS,PRF,LGSPEC1,,,,,
ঘুমানো,ঘুমাচ্ছিলেন,V;3;PST;PROG;POL,1e-06,2.0130434782608695e-05,ɡʱ u m a t͡ʃʰː i l e n,2,V,3,PST,PROG,POL,,,,,
ঘুমানো,ঘুমাচ্ছেন,V;3;PRS;PROG;POL,4e-06,2.0130434782608695e-05,ɡʱ u m a t͡ʃʰː e n,4,V,3,PRS,PROG,POL,,,,,
ঘুমানো,ঘুমাতে,V;3;PST;HAB;INFM,0.000235,2.0130434782608695e-05,ɡʱ u m a t̪ e,2,V,3,PST,HAB,INFM,,,,,
ঘুমানো,ঘুমাবি,V;2;FUT;LGSPEC1,0.0,2.0130434782608695e-05,ɡʱ u m a b i,0,V,2,FUT,LGSPEC1,,,,,,
ঘুমানো,ঘুমাচ্ছিলাম,V;1;PST;PROG,1e-06,2.0130434782608695e-05,ɡʱ u m a t͡ʃʰː i l a m,4,V,1,PST,PROG,,,,,,
ঘুমানো,ঘুমাচ্ছি,V;1;PRS;PROG,0.0,2.0130434782608695e-05,ɡʱ u m a t͡ʃʰː i,0,V,1,PRS,PROG,,,,,,
ঘুমানো,ঘুমিয়েছিলো,V;2;PST;PRF;POL,0.0,2.0130434782608695e-05,ɡʱ u m i̯ e t͡ʃʰ i l o,0,V,2,PST,PRF,POL,,,,,
ঘুমানো,ঘুমায়,V;V.PTCP;PRF,4e-06,2.0130434782608695e-05,ɡʱ u m a e̯,0,V,V.PTCP,PRF,,,,,,,
ঘুমানো,ঘুমাতে,V;V.NFIN,0.000235,2.0130434782608695e-05,ɡʱ u m a t̪ e,4,V,V.NFIN,,,,,,,,
ঘুমানো,ঘুমিয়েছো,V;3;PRS;PRF;INFM,0.0,2.0130434782608695e-05,ɡʱ u m i̯ e t͡ʃʰ o,4,V,3,PRS,PRF,INFM,,,,,
ঘুমানো,ঘুমাবেন,V;3;FUT;POL,1.6e-05,2.0130434782608695e-05,ɡʱ u m a b e n,2,V,3,FUT,POL,,,,,,
ঘুমানো,ঘুমাচ্ছে,V;2;PRS;PROG;POL,2e-06,2.0130434782608695e-05,ɡʱ u m a t͡ʃʰː e,2,V,2,PRS,PROG,POL,,,,,
ঘুমানো,ঘুমায়,V;2;PRS;POL,4e-06,2.0130434782608695e-05,ɡʱ u m a e̯,4,V,2,PRS,POL,,,,,,
ঘুমানো,ঘুমাতো,V;2;PST;HAB;POL,1e-06,2.0130434782608695e-05,ɡʱ u m a t̪ o,4,V,2,PST,HAB,POL,,,,,
ঘুমানো,ঘুমিয়েছিলে,V;3;PST;PRF;INFM,0.0,2.0130434782608695e-05,ɡʱ u m i̯ e t͡ʃʰ i l e,0,V,3,PST,PRF,INFM,,,,,
ঘুমানো,ঘুমাবো,V;1;FUT,1e-06,2.0130434782608695e-05,ɡʱ u m a b o,0,V,1,FUT,,,,,,,
ঘুমানো,ঘুমাতিস,V;2;PST;HAB;LGSPEC1,0.0,2.0130434782608695e-05,ɡʱ u m a t̪ i ʃ,1,V,2,PST,HAB,LGSPEC1,,,,,
ঘুমানো,ঘুমাই,V;1;PRS,8e-06,2.0130434782608695e-05,ɡʱ u m a i̯,3,V,1,PRS,,,,,,,
ঘুমানো,ঘুমাচ্ছিলি,V;2;PST;PROG;LGSPEC1,0.0,2.0130434782608695e-05,ɡʱ u m a t͡ʃʰː i l i,0,V,2,PST,PROG,LGSPEC1,,,,,
ঘুমানো,ঘুমাবে,V;2;FUT;POL,3e-06,2.0130434782608695e-05,ɡʱ u m a b e,1,V,2,FUT,POL,,,,,,
ঘুমানো,ঘুমানো,V;V.MSDR,5.7e-05,2.0130434782608695e-05,ɡʱ u m a n o,0,V,V.MSDR,,,,,,,,
ঘুমানো,ঘুমালাম,V;1;PST,1e-06,2.0130434782608695e-05,ɡʱ u m a l a m,3,V,1,PST,,,,,,,
ঘুমানো,ঘুমান,V;3;PRS;POL,4.2e-05,2.0130434782608695e-05,ɡʱ u m a n,0,V,3,PRS,POL,,,,,,
ঘুমানো,ঘুমাতেন,V;3;PST;HAB;POL,3e-06,2.0130434782608695e-05,ɡʱ u m a t̪ e n,3,V,3,PST,HAB,POL,,,,,
ঘুমানো,ঘুমিয়েছিলি,V;2;PST;PRF;LGSPEC1,0.0,2.0130434782608695e-05,ɡʱ u m i̯ e t͡ʃʰ i l i,4,V,2,PST,PRF,LGSPEC1,,,,,
ঘুমানো,ঘুমালে,V;V.PTCP;COND,3.1e-05,2.0130434782608695e-05,ɡʱ u m a l e,0,V,V.PTCP,COND,,,,,,,
ঘুমানো,ঘুমাচ্ছো,V;3;PRS;PROG;INFM,0.0,2.0130434782608695e-05,ɡʱ u m a t͡ʃʰː o,0,V,3,PRS,PROG,INFM,,,,,
ঘুমানো,ঘুমাতাম,V;1;PST;HAB,0.0,2.0130434782608695e-05,ɡʱ u m a t̪ a m,0,V,1,PST,HAB,,,,,,
ঘুমানো,ঘুমিয়েছে,V;2;PRS;PRF;POL,0.0,2.0130434782608695e-05,ɡʱ u m i̯ e t͡ʃʰ e,2,V,2,PRS,PRF,POL,,,,,
ঘুমানো,ঘুমাচ্ছিলে,V;3;PST;PROG;INFM,0.0,2.0130434782608695e-05,ɡʱ u m a t͡ʃʰː i l e,2,V,3,PST,PROG,INFM,,,,,
ঘুমানো,ঘুমিয়েছিলাম,V;1;PST;PRF,0.0,2.0130434782608695e-05,ɡʱ u m i̯ e t͡ʃʰ i l a m,1,V,1,PST,PRF,,,,,,
ঘুমানো,ঘুমাস,V;2;PRS;LGSPEC1,0.0,2.0130434782608695e-05,ɡʱ u m a ʃ,1,V,2,PRS,LGSPEC1,,,,,,
প্রমাণ করা,প্রমাণ করলো,V;2;PST;POL,0.0,0.0,p ɹ o m a n o k ɔ ɹ o l o,2,V,2,PST,POL,,,,,,
প্রমাণ করা,প্রমাণ করেছি,V;1;PRS;PRF,0.0,0.0,p ɹ o m a n o k ɔ ɹ e t͡ʃʰ i,3,V,1,PRS,PRF,,,,,,
প্রমাণ করা,প্রমাণ করছিলো,V;2;PST;PROG;POL,0.0,0.0,p ɹ o m a n o k ɔ ɹ t͡ʃʰ i l o,1,V,2,PST,PROG,POL,,,,,
প্রমাণ করা,প্রমাণ করছিস,V;2;PRS;PROG;LGSPEC1,0.0,0.0,p ɹ o m a n o k ɔ ɹ t͡ʃʰ i ʃ,1,V,2,PRS,PROG,LGSPEC1,,,,,
প্রমাণ করা,প্রমাণ করলে,V;3;PST;INFM,0.0,0.0,p ɹ o m a n o k ɔ ɹ l e,2,V,3,PST,INFM,,,,,,
প্রমাণ করা,প্রমাণ করতেকরতে,V;V.PTCP;PROG,0.0,0.0,p ɹ o m a n o k ɔ ɹ t̪ e k ɔ r o t̪ e,4,V,V.PTCP,PROG,,,,,,,
প্রমাণ করা,প্রমাণ করলেন,V;3;PST;POL,0.0,0.0,p ɹ o m a n o k ɔ ɹ l e n,2,V,3,PST,POL,,,,,,
প্রমাণ করা,প্রমাণ করেছেন,V;3;PRS;PRF;POL,0.0,0.0,p ɹ o m a n o k ɔ ɹ e t͡ʃʰ e n,4,V,3,PRS,PRF,POL,,,,,
প্রমাণ করা,প্রমাণ করবে,V;3;FUT;INFM,0.0,0.0,p ɹ o m a n o k ɔ ɹ b e,4,V,3,FUT,INFM,,,,,,
প্রমাণ করা,প্রমাণ করলি,V;2;PST;LGSPEC1,0.0,0.0,p ɹ o m a n o k ɔ ɹ o l i,2,V,2,PST,LGSPEC1,,,,,,
প্রমাণ করা,প্রমাণ করেকরে,V;V.PTCP;HAB,0.0,0.0,p ɹ o m a n o k ɔ ɹ e k ɔ ɹ e,2,V,V.PTCP,HAB,,,,,,,
প্রমাণ করা,প্রমাণ করেছিলেন,V;3;PST;PRF;POL,0.0,0.0,p ɹ o m a n o k ɔ ɹ e t͡ʃʰ i l e n,2,V,3,PST,PRF,POL,,,,,
প্রমাণ করা,প্রমাণ করো,V;3;PRS;INFM,0.0,0.0,p ɹ o m a n o k o ɹ o,4,V,3,PRS,INFM,,,,,,
প্রমাণ করা,প্রমাণ করেছিস,V;2;PRS;PRF;LGSPEC1,0.0,0.0,p ɹ o m a n o k ɔ ɹ e t͡ʃʰ i ʃ,3,V,2,PRS,PRF,LGSPEC1,,,,,
প্রমাণ করা,প্রমাণ করছিলেন,V;3;PST;PROG;POL,0.0,0.0,p ɹ o m a n o k ɔ ɹ t͡ʃʰ i l e n,3,V,3,PST,PROG,POL,,,,,
প্রমাণ করা,প্রমাণ করছেন,V;3;PRS;PROG;POL,0.0,0.0,p ɹ o m a n o k ɔ ɹ t͡ʃʰ e n,1,V,3,PRS,PROG,POL,,,,,
প্রমাণ করা,প্রমাণ করতে,V;3;PST;HAB;INFM,0.0,0.0,p ɹ o m a n o k ɔ ɹ o t̪ e,1,V,3,PST,HAB,INFM,,,,,
প্রমাণ করা,প্রমাণ করবি,V;2;FUT;LGSPEC1,0.0,0.0,p ɹ o m a n o k ɔ ɹ o b i,0,V,2,FUT,LGSPEC1,,,,,,
প্রমাণ করা,প্রমাণ করছিলাম,V;1;PST;PROG,0.0,0.0,p ɹ o m a n o k ɔ ɹ t͡ʃʰ i l a m,3,V,1,PST,PROG,,,,,,
প্রমাণ করা,প্রমাণ করছি,V;1;PRS;PROG,0.0,0.0,p ɹ o m a n o k ɔ ɹ o t͡ʃʰ i,4,V,1,PRS,PROG,,,,,,
প্রমাণ করা,প্রমাণ করেছিলো,V;2;PST;PRF;POL,0.0,0.0,p ɹ o m a n o k ɔ ɹ e t͡ʃʰ i l o,4,V,2,PST,PRF,POL,,,,,
প্রমাণ করা,প্রমাণ করে,V;V.PTCP;PRF,0.0,0.0,p ɹ o m a n o k ɔ ɹ e,4,V,V.PTCP,PRF,,,,,,,
প্রমাণ করা,প্রমাণ করতে,V;V.NFIN,0.0,0.0,p ɹ o m a n o k ɔ ɹ o t̪ e,1,V,V.NFIN,,,,,,,,
প্রমাণ করা,প্রমাণ করেছো,V;3;PRS;PRF;INFM,0.0,0.0,p ɹ o m a n o k ɔ ɹ e t͡ʃʰ o,3,V,3,PRS,PRF,INFM,,,,,
প্রমাণ করা,প্রমাণ করবেন,V;3;FUT;POL,0.0,0.0,p ɹ o m a n o k ɔ ɹ b e n,4,V,3,FUT,POL,,,,,,
প্রমাণ করা,প্রমাণ করছে,V;2;PRS;PROG;POL,0.0,0.0,p ɹ o m a n o k ɔ ɹ o t͡ʃʰ e,2,V,2,PRS,PROG,POL,,,,,
প্রমাণ করা,প্রমাণ করে,V;2;PRS;POL,0.0,0.0,p ɹ o m a n o k ɔ ɹ e,2,V,2,PRS,POL,,,,,,
প্রমাণ করা,প্রমাণ করতো,V;2;PST;HAB;POL,0.0,0.0,p ɹ o m a n o k ɔ ɹ o t̪ o,1,V,2,PST,HAB,POL,,,,,
প্রমাণ করা,প্রমাণ করেছিলে,V;3;PST;PRF;INFM,0.0,0.0,p ɹ o m a n o k ɔ ɹ e t͡ʃʰ i l e,4,V,3,PST,PRF,INFM,,,,,
প্রমাণ করা,প্রমাণ করবো,V;1;FUT,0.0,0.0,p ɹ o m a n o k ɔ ɹ o b o,3,V,1,FUT,,,,,,,
প্রমাণ করা,প্রমাণ করতিস,V;2;PST;HAB;LGSPEC1,0.0,0.0,p ɹ o m a n o k ɔ ɹ o t̪ i ʃ,3,V,2,PST,HAB,LGSPEC1,,,,,
প্রমাণ করা,প্রমাণ করি,V;1;PRS,0.0,0.0,p ɹ o m a n o k o ɹ i,1,V,1,PRS,,,,,,,
প্রমাণ করা,প্রমাণ করছিলি,V;2;PST;PROG;LGSPEC1,0.0,0.0,p ɹ o m a n o k ɔ ɹ t͡ʃʰ i l i,1,V,2,PST,PROG,LGSPEC1,,,,,
প্রমাণ করা,প্রমাণ করবে,V;2;FUT;POL,0.0,0.0,p ɹ o m a n o k ɔ ɹ b e,4,V,2,FUT,POL,,,,,,
প্রমাণ করা,প্রমাণ করা,V;V.MSDR,0.0,0.0,p ɹ o m a n o k ɔ ɹ a,2,V,V.MSDR,,,,,,,,
প্রমাণ করা,প্রমাণ করলাম,V;1;PST,0.0,0.0,p ɹ o m a n o k ɔ ɹ l a m,3,V,1,PST,,,,,,,
প্রমাণ করা,প্রমাণ করেন,V;3;PRS;POL,0.0,0.0,p ɹ o m a n o k ɔ ɹ e n,3,V,3,PRS,POL,,,,,,
প্রমাণ করা,প্রমাণ করতেন,V;3;PST;HAB;POL,0.0,0.0,p ɹ o m a n o k ɔ ɹ t̪ e n,0,V,3,PST,HAB,POL,,,,,
প্রমাণ করা,প্রমাণ করেছিলি,V;2;PST;PRF;LGSPEC1,0.0,0.0,p ɹ o m a n o k ɔ ɹ e t͡ʃʰ i l i,1,V,2,PST,PRF,LGSPEC1,,,,,
প্রমাণ করা,প্রমাণ করলে,V;V.PTCP;COND,0.0,0.0,p ɹ o m a n o k ɔ ɹ l e,2,V,V.PTCP,COND,,,,,,,
প্রমাণ করা,প্রমাণ করছো,V;3;PRS;PROG;INFM,0.0,0.0,p ɹ o m a n o k ɔ ɹ o t͡ʃʰ o,2,V,3,PRS,PROG,INFM,,,,,
প্রমাণ করা,প্রমাণ করতাম,V;1;PST;HAB,0.0,0.0,p ɹ o m a n o k ɔ ɹ o t̪ a m,0,V,1,PST,HAB,,,,,,
প্রমাণ করা,প্রমাণ করেছে,V;2;PRS;PRF;POL,0.0,0.0,p ɹ o m a n o k ɔ ɹ e t͡ʃʰ e,1,V,2,PRS,PRF,POL,,,,,
প্রমাণ করা,প্রমাণ করছিলে,V;3;PST;PROG;INFM,0.0,0.0,p ɹ o m a n o k ɔ ɹ t͡ʃʰ i l e,2,V,3,PST,PROG,INFM,,,,,
প্রমাণ করা,প্রমাণ করেছিলাম,V;1;PST;PRF,0.0,0.0,p ɹ o m a n o k ɔ ɹ e t͡ʃʰ i l a m,4,V,1,PST,PRF,,,,,,
প্রমাণ করা,প্রমাণ করিস,V;2;PRS;LGSPEC1,0.0,0.0,p ɹ o m a n k o ɹ i ʃ,4,V,2,PRS,LGSPEC1,,,,,,
শোনা,শুনলো,V;2;PST;POL,4e-06,0.0001330652173913,ʃ u n l o,4,V,2,PST,POL,,,,,,
শোনা,শুনেছি,V;1;PRS;PRF,0.000176,0.0001330652173913,ʃ u n e t͡ʃʰ i,1,V,1,PRS,PRF,,,,,,
শোনা,শুনছিলো,V;2;PST;PROG;POL,0.0,0.0001330652173913,ʃ u n t͡ʃʰ i l o,4,V,2,PST,PROG,POL,,,,,
শোনা,শুনছিস,V;2;PRS;PROG;LGSPEC1,0.0,0.0001330652173913,ʃ u n t͡ʃʰ i ʃ,2,V,2,PRS,PROG,LGSPEC1,,,,,
শোনা,শুনলে,V;3;PST;INFM,0.000131,0.0001330652173913,ʃ u n l e,0,V,3,PST,INFM,,,,,,
শোনা,শুনতে,V;V.PTCP;PROG,0.000717,0.0001330652173913,ʃ u n t̪ e,1,V,V.PTCP,PROG,,,,,,,
শোনা,শুনলেন,V;3;PST;POL,3.1e-05,0.0001330652173913,ʃ u n l e n,2,V,3,PST,POL,,,,,,
শোনা,শুনেছেন,V;3;PRS;PRF;POL,8.6e-05,0.0001330652173913,ʃ u n e t͡ʃʰ e n,1,V,3,PRS,PRF,POL,,,,,
শোনা,শুনবে,V;3;FUT;INFM,4.4e-05,0.0001330652173913,ʃ u n b e,4,V,3,FUT,INFM,,,,,,
শোনা,শুনলি,V;2;PST;LGSPEC1,0.0,0.0001330652173913,ʃ u n l i,1,V,2,PST,LGSPEC1,,,,,,
শোনা,শুনে,V;V.PTCP;HAB,0.001118,0.0001330652173913,ʃ u n e,1,V,V.PTCP,HAB,,,,,,,
শোনা,শুনেছিলেন,V;3;PST;PRF;POL,5e-06,0.0001330652173913,ʃ u n e t͡ʃʰ i l e n,4,V,3,PST,PRF,POL,,,,,
শোনা,শোনো,V;3;PRS;INFM,1e-05,0.0001330652173913,ʃ o n o,3,V,3,PRS,INFM,,,,,,
শোনা,শুনেছিস,V;2;PRS;PRF;LGSPEC1,0.0,0.0001330652173913,ʃ u n e t͡ʃʰ i ʃ,1,V,2,PRS,PRF,LGSPEC1,,,,,
শোনা,শুনছিলেন,V;3;PST;PROG;POL,4e-06,0.0001330652173913,ʃ u n t͡ʃʰ i l e n,0,V,3,PST,PROG,POL,,,,,
শোনা,শুনছেন,V;3;PRS;PROG;POL,3.1e-05,0.0001330652173913,ʃ u n t͡ʃʰ e n,4,V,3,PRS,PROG,POL,,,,,
শোনা,শুনতে,V;3;PST;HAB;INFM,0.000717,0.0001330652173913,ʃ u n t̪ e,0,V,3,PST,HAB,INFM,,,,,
শোনা,শুনবি,V;2;FUT;LGSPEC1,0.0,0.0001330652173913,ʃ u n b i,2,V,2,FUT,LGSPEC1,,,,,,
শোনা,শুনছিলাম,V;1;PST;PROG,4e-06,0.0001330652173913,ʃ u n t͡ʃʰ i l a m,3,V,1,PST,PROG,,,,,,
শোনা,শুনছি,V;1;PRS;PROG,2.3e-05,0.0001330652173913,ʃ u n t͡ʃʰ i,3,V,1,PRS,PROG,,,,,,
শোনা,শুনেছিলো,V;2;PST;PRF;POL,0.0,0.0001330652173913,ʃ u n e t͡ʃʰ i l o,3,V,2,PST,PRF,POL,,,,,
শোনা,শুনে,V;V.PTCP;PRF,0.001118,0.0001330652173913,ʃ u n e,3,V,V.PTCP,PRF,,,,,,,
শোনা,শুনতে,V;V.NFIN,0.000717,0.0001330652173913,ʃ u n t̪ e,2,V,V.NFIN,,,,,,,,
শোনা,শুনেছো,V;3;PRS;PRF;INFM,0.0,0.0001330652173913,ʃ u n e t͡ʃʰ o,1,V,3,PRS,PRF,INFM,,,,,
শোনা,শুনবেন,V;3;FUT;POL,4.3e-05,0.0001330652173913,ʃ u n b e n,2,V,3,FUT,POL,,,,,,
শোনা,শুনছে,V;2;PRS;PROG;POL,1.3e-05,0.0001330652173913,ʃ u n t͡ʃʰ e,3,V,2,PRS,PROG,POL,,,,,
শোনা,শোনে,V;2;PRS;POL,3.9e-05,0.0001330652173913,ʃ o n e,2,V,2,PRS,POL,,,,,,
শোনা,শুনতো,V;2;PST;HAB;POL,6e-06,0.0001330652173913,ʃ u n o t̪ o,1,V,2,PST,HAB,POL,,,,,
শোনা,শুনেছিলে,V;3;PST;PRF;INFM,0.0,0.0001330652173913,ʃ u n e t͡ʃʰ i l e,4,V,3,PST,PRF,INFM,,,,,
শোনা,শুনবো,V;1;FUT,6e-06,0.0001330652173913,ʃ u n b o,4,V,1,FUT,,,,,,,
শোনা,শুনতিস,V;2;PST;HAB;LGSPEC1,0.0,0.0001330652173913,ʃ u n t̪ i ʃ,4,V,2,PST,HAB,LGSPEC1,,,,,
শোনা,শুনি,V;1;PRS,9.3e-05,0.0001330652173913,ʃ u n i,1,V,1,PRS,,,,,,,
শোনা,শুনছিলি,V;2;PST;PROG;LGSPEC1,0.0,0.0001330652173913,ʃ u n t͡ʃʰ i l i,4,V,2,PST,PROG,LGSPEC1,,,,,
শোনা,শুনবে,V;2;FUT;POL,4.4e-05,0.0001330652173913,ʃ u n b e,3,V,2,FUT,POL,,,,,,
শোনা,শোনা,V;V.MSDR,0.000663,0.0001330652173913,ʃ o n a,0,V,V.MSDR,,,,,,,,
শোনা,শুনলাম,V;1;PST,4.3e-05,0.0001330652173913,ʃ u n l a m,1,V,1,PST,,,,,,,
শোনা,শোনেন,V;3;PRS;POL,4.6e-05,0.0001330652173913,ʃ o n e n,1,V,3,PRS,POL,,,,,,
শোনা,শুনতেন,V;3;PST;HAB;POL,1.5e-05,0.0001330652173913,ʃ u n t̪ e n,3,V,3,PST,HAB,POL,,,,,
শোনা,শুনেছিলি,V;2;PST;PRF;LGSPEC1,0.0,0.0001330652173913,ʃ u n e t͡ʃʰ i l i,3,V,2,PST,PRF,LGSPEC1,,,,,
শোনা,শুনলে,V;V.PTCP;COND,0.000131,0.0001330652173913,ʃ u n l e,3,V,V.PTCP,COND,,,,,,,
শোনা,শুনছো,V;3;PRS;PROG;INFM,1e-06,0.0001330652173913,ʃ u n t͡ʃʰ o,2,V,3,PRS,PROG,INFM,,,,,
শোনা,শুনতাম,V;1;PST;HAB,1e-05,0.0001330652173913,ʃ u n t̪ a m,4,V,1,PST,HAB,,,,,,
শোনা,শুনেছে,V;2;PRS;PRF;POL,1.3e-05,0.0001330652173913,ʃ u n e t͡ʃʰ e,1,V,2,PRS,PRF,POL,,,,,
শোনা,শুনছিলে,V;3;PST;PROG;INFM,0.0,0.0001330652173913,ʃ u n t͡ʃʰ i l e,3,V,3,PST,PROG,INFM,,,,,
শোনা,শুনেছিলাম,V;1;PST;PRF,1.9e-05,0.0001330652173913,ʃ u n e t͡ʃʰ i l a m,1,V,1,PST,PRF,,,,,,
শোনা,শুনিস,V;2;PRS;LGSPEC1,0.0,0.0001330652173913,ʃ u n i ʃ,4,V,2,PRS,LGSPEC1,,,,,,
মরা,মরলো,V;2;PST;POL,3e-06,2.6717391304347816e-05,m ɔ ɹ l o,4,V,2,PST,POL,,,,,,
মরা,মরেছি,V;1;PRS;PRF,0.0,2.6717391304347816e-05,m ɔ ɹ e t͡ʃʰ i,4,V,1,PRS,PRF,,,,,,
মরা,মরছিলো,V;2;PST;PROG;POL,0.0,2.6717391304347816e-05,m ɔ ɹ t͡ʃʰ i l o,4,V,2,PST,PROG,POL,,,,,
মরা,মরছিস,V;2;PRS;PROG;LGSPEC1,0.0,2.6717391304347816e-05,m ɔ ɹ t͡ʃʰ i ʃ,1,V,2,PRS,PROG,LGSPEC1,,,,,
মরা,মরলে,V;3;PST;INFM,7e-06,2.6717391304347816e-05,m ɔ ɹ l e,1,V,3,PST,INFM,,,,,,
মরা,মরতে,V;V.PTCP;PROG,5.2e-05,2.6717391304347816e-05,m ɔ ɹ t̪ e,4,V,V.PTCP,PROG,,,,,,,
মরা,মরলেন,V;3;PST;POL,0.0,2.6717391304347816e-05,m ɔ ɹ l e n,4,V,3,PST,POL,,,,,,
মরা,মরেছেন,V;3;PRS;PRF;POL,0.0,2.6717391304347816e-05,m ɔ ɹ e t͡ʃʰ e n,3,V,3,PRS,PRF,POL,,,,,
মরা,মরবে,V;3;FUT;INFM,7e-06,2.6717391304347816e-05,m ɔ ɹ b e,2,V,3,FUT,INFM,,,,,,
মরা,মরলি,V;2;PST;LGSPEC1,0.0,2.6717391304347816e-05,m ɔ ɹ l i,3,V,2,PST,LGSPEC1,,,,,,
মরা,মরে,V;V.PTCP;HAB,0.000268,2.6717391304347816e-05,m ɔ ɹ e,4,V,V.PTCP,HAB,,,,,,,
মরা,মরেছিলেন,V;3;PST;PRF;POL,0.0,2.6717391304347816e-05,m ɔ ɹ e t͡ʃʰ i l e n,2,V,3,PST,PRF,POL,,,,,
মরা,মরো,V;3;PRS;INFM,4e-06,2.6717391304347816e-05,m ɔ ɹ o,0,V,3,PRS,INFM,,,,,,
মরা,মরেছিস,V;2;PRS;PRF;LGSPEC1,0.0,2.6717391304347816e-05,m ɔ ɹ e t͡ʃʰ i ʃ,2,V,2,PRS,PRF,LGSPEC1,,,,,
মরা,মরছিলেন,V;3;PST;PROG;POL,0.0,2.6717391304347816e-05,m ɔ ɹ t͡ʃʰ i l e n,1,V,3,PST,PROG,POL,,,,,
মরা,মরছেন,V;3;PRS;PROG;POL,0.0,2.6717391304347816e-05,m ɔ ɹ t͡ʃʰ e n,2,V,3,PRS,PROG,POL,,,,,
মরা,মরতে,V;3;PST;HAB;INFM,5.2e-05,2.6717391304347816e-05,m ɔ ɹ t̪ e,1,V,3,PST,HAB,INFM,,,,,
মরা,মরবি,V;2;FUT;LGSPEC1,3e-06,2.6717391304347816e-05,m ɔ ɹ b i,3,V,2,FUT,LGSPEC1,,,,,,
মরা,মরছিলাম,V;1;PST;PROG,0.0,2.6717391304347816e-05,m ɔ ɹ t͡ʃʰ i l a m,4,V,1,PST,PROG,,,,,,
মরা,মরছি,V;1;PRS;PROG,1e-06,2.6717391304347816e-05,m ɔ ɹ t͡ʃʰ i,0,V,1,PRS,PROG,,,,,,
মরা,মরেছিলো,V;2;PST;PRF;POL,0.0,2.6717391304347816e-05,m ɔ ɹ e t͡ʃʰ i l o,3,V,2,PST,PRF,POL,,,,,
মরা,মরে,V;V.PTCP;PRF,0.000268,2.6717391304347816e-05,m ɔ ɹ e,0,V,V.PTCP,PRF,,,,,,,
মরা,মরতে,V;V.NFIN,5.2e-05,2.6717391304347816e-05,m ɔ ɹ t̪ e,0,V,V.NFIN,,,,,,,,
মরা,মরেছো,V;3;PRS;PRF;INFM,0.0,2.6717391304347816e-05,m ɔ ɹ e t͡ʃʰ o,2,V,3,PRS,PRF,INFM,,,,,
মরা,মরবেন,V;3;FUT;POL,2e-06,2.6717391304347816e-05,m ɔ ɹ b e n,3,V,3,FUT,POL,,,,,,
মরা,মরছে,V;2;PRS;PROG;POL,1.4e-05,2.6717391304347816e-05,m ɔ ɹ t͡ʃʰ e,0,V,2,PRS,PROG,POL,,,,,
মরা,মরে,V;2;PRS;POL,0.000268,2.6717391304347816e-05,m ɔ ɹ e,4,V,2,PRS,POL,,,,,,
মরা,মরতো,V;2;PST;HAB;POL,0.0,2.6717391304347816e-05,m ɔ ɹ o t̪ o,1,V,2,PST,HAB,POL,,,,,
মরা,মরেছিলে,V;3;PST;PRF;INFM,0.0,2.6717391304347816e-05,m ɔ ɹ e t͡ʃʰ i l e,0,V,3,PST,PRF,INFM,,,,,
মরা,মরবো,V;1;FUT,1e-06,2.6717391304347816e-05,m ɔ ɹ b o,1,V,1,FUT,,,,,,,
মরা,মরতিস,V;2;PST;HAB;LGSPEC1,0.0,2.6717391304347816e-05,m ɔ ɹ t̪ i ʃ,1,V,2,PST,HAB,LGSPEC1,,,,,
মরা,মরি,V;1;PRS,1.1e-05,2.6717391304347816e-05,m ɔ ɹ i,2,V,1,PRS,,,,,,,
মরা,মরছিলি,V;2;PST;PROG;LGSPEC1,0.0,2.6717391304347816e-05,m ɔ ɹ t͡ʃʰ i l i,4,V,2,PST,PROG,LGSPEC1,,,,,
মরা,মরবে,V;2;FUT;POL,7e-06,2.6717391304347816e-05,m ɔ ɹ b e,0,V,2,FUT,POL,,,,,,
মরা,মরা,V;V.MSDR,0.000181,2.6717391304347816e-05,m ɔ ɹ a,3,V,V.MSDR,,,,,,,,
মরা,মরলাম,V;1;PST,1e-06,2.6717391304347816e-05,m ɔ ɹ l a m,3,V,1,PST,,,,,,,
মরা,মরেন,V;3;PRS;POL,1e-06,2.6717391304347816e-05,m ɔ ɹ e n,4,V,3,PRS,POL,,,,,,
মরা,মরতেন,V;3;PST;HAB;POL,1e-06,2.6717391304347816e-05,m ɔ ɹ t̪ e n,1,V,3,PST,HAB,POL,,,,,
মরা,মরেছিলি,V;2;PST;PRF;LGSPEC1,0.0,2.6717391304347816e-05,m ɔ ɹ e t͡ʃʰ i l i,3,V,2,PST,PRF,LGSPEC1,,,,,
মরা,মরলে,V;V.PTCP;COND,7e-06,2.6717391304347816e-05,m ɔ ɹ l e,4,V,V.PTCP,COND,,,,,,,
মরা,মরছো,V;3;PRS;PROG;INFM,0.0,2.6717391304347816e-05,m ɔ ɹ o t͡ʃʰ o,4,V,3,PRS,PROG,INFM,,,,,
মরা,মরতাম,V;1;PST;HAB,0.0,2.6717391304347816e-05,m ɔ ɹ t̪ a m,2,V,1,PST,HAB,,,,,,
মরা,মরেছে,V;2;PRS;PRF;POL,3e-06,2.6717391304347816e-05,m ɔ ɹ e t͡ʃʰ e,1,V,2,PRS,PRF,POL,,,,,
মরা,মরছিলে,V;3;PST;PROG;INFM,0.0,2.6717391304347816e-05,m ɔ ɹ t͡ʃʰ i l e,0,V,3,PST,PROG,INFM,,,,,
মরা,মরেছিলাম,V;1;PST;PRF,1e-06,2.6717391304347816e-05,m ɔ ɹ e t͡ʃʰ i l a m,1,V,1,PST,PRF,,,,,,
মরা,মরিস,V;2;PRS;LGSPEC1,1.4e-05,2.6717391304347816e-05,m ɔ ɹ i ʃ,0,V,2,PRS,LGSPEC1,,,,,,
শেখা,শিখলো,V;2;PST;POL,5e-06,0.0001084565217391,ʃ i kʰ l o,2,V,2,PST,POL,,,,,,
শেখা,শিখেছি,V;1;PRS;PRF,7.7e-05,0.0001084565217391,ʃ i kʰ e t͡ʃʰ i,3,V,1,PRS,PRF,,,,,,
শেখা,শিখছিলো,V;2;PST;PROG;POL,1e-06,0.0001084565217391,ʃ i kʰ t͡ʃʰ i l o,2,V,2,PST,PROG,POL,,,,,
শেখা,শিখছিস,V;2;PRS;PROG;LGSPEC1,0.0,0.0001084565217391,ʃ i kʰ s i ʃ,1,V,2,PRS,PROG,LGSPEC1,,,,,
শেখা,শিখলে,V;3;PST;INFM,3.6e-05,0.0001084565217391,ʃ i kʰ l e,0,V,3,PST,INFM,,,,,,
শেখা,শিখতে,V;V.PTCP;PROG,0.00097,0.0001084565217391,ʃ i kʰ t̪ e,2,V,V.PTCP,PROG,,,,,,,
শেখা,শিখলেন,V;3;PST;POL,1.3e-05,0.0001084565217391,ʃ i kʰ l e n,3,V,3,PST,POL,,,,,,
শেখা,শিখেছেন,V;3;PRS;PRF;POL,3.6e-05,0.0001084565217391,ʃ i kʰ e t͡ʃʰ e n,3,V,3,PRS,PRF,POL,,,,,
শেখা,শিখবে,V;3;FUT;INFM,4.3e-05,0.0001084565217391,ʃ i kʰ b e,3,V,3,FUT,INFM,,,,,,
শেখা,শিখলি,V;2;PST;LGSPEC1,0.0,0.0001084565217391,ʃ i kʰ l i,2,V,2,PST,LGSPEC1,,,,,,
শেখা,শিখে,V;V.PTCP;HAB,0.000438,0.0001084565217391,ʃ i kʰ e,3,V,V.PTCP,HAB,,,,,,,
শেখা,শিখেছিলেন,V;3;PST;PRF;POL,6e-06,0.0001084565217391,ʃ i kʰ e t͡ʃʰ i l e n,0,V,3,PST,PRF,POL,,,,,
শেখা,শেখো,V;3;PRS;INFM,1.3e-05,0.0001084565217391,ʃ e kʰ o,4,V,3,PRS,INFM,,,,,,
শেখা,শিখেছিস,V;2;PRS;PRF;LGSPEC1,0.0,0.0001084565217391,ʃ i kʰ e t͡ʃʰ i ʃ,4,V,2,PRS,PRF,LGSPEC1,,,,,
শেখা,শিখছিলেন,V;3;PST;PROG;POL,0.0,0.0001084565217391,ʃ i kʰ t͡ʃʰ i l e n,4,V,3,PST,PROG,POL,,,,,
শেখা,শিখছেন,V;3;PRS;PROG;POL,3.2e-05,0.0001084565217391,ʃ i kʰ t͡ʃʰ e n,0,V,3,PRS,PROG,POL,,,,,
শেখা,শিখতে,V;3;PST;HAB;INFM,0.00097,0.0001084565217391,ʃ i kʰ t̪ e,3,V,3,PST,HAB,INFM,,,,,
শেখা,শিখবি,V;2;FUT;LGSPEC1,1e-06,0.0001084565217391,ʃ i kʰ b i,2,V,2,FUT,LGSPEC1,,,,,,
শেখা,শিখছিলাম,V;1;PST;PROG,1e-06,0.0001084565217391,ʃ i kʰ t͡ʃʰ i l a m,1,V,1,PST,PROG,,,,,,
শেখা,শিখছি,V;1;PRS;PROG,3e-05,0.0001084565217391,ʃ i kʰ t͡ʃʰ i,0,V,1,PRS,PROG,,,,,,
শেখা,শিখেছিলো,V;2;PST;PRF;POL,0.0,0.0001084565217391,ʃ i kʰ e t͡ʃʰ i l o,0,V,2,PST,PRF,POL,,,,,
শেখা,শিখে,V;V.PTCP;PRF,0.000438,0.0001084565217391,ʃ i kʰ e,4,V,V.PTCP,PRF,,,,,,,
শেখা,শিখতে,V;V.NFIN,0.00097,0.0001084565217391,ʃ i kʰ t̪ e,1,V,V.NFIN,,,,,,,,
শেখা,শিখেছো,V;3;PRS;PRF;INFM,0.0,0.0001084565217391,ʃ i kʰ e t͡ʃʰ o,4,V,3,PRS,PRF,INFM,,,,,
শেখা,শিখবেন,V;3;FUT;POL,0.000274,0.0001084565217391,ʃ i kʰ b e n,0,V,3,FUT,POL,,,,,,
শেখা,শিখছে,V;2;PRS;PROG;POL,2.2e-05,0.0001084565217391,ʃ i kʰ t͡ʃʰ e,3,V,2,PRS,PROG,POL,,,,,
শেখা,শেখে,V;2;PRS;POL,4e-05,0.0001084565217391,ʃ e kʰ e,0,V,2,PRS,POL,,,,,,
শেখা,শিখতো,V;2;PST;HAB;POL,2e-06,0.0001084565217391,ʃ i kʰ t̪ o,3,V,2,PST,HAB,POL,,,,,
শেখা,শিখেছিলে,V;3;PST;PRF;INFM,0.0,0.0001084565217391,ʃ i kʰ e t͡ʃʰ i l e,2,V,3,PST,PRF,INFM,,,,,
শেখা,শিখবো,V;1;FUT,3.2e-05,0.0001084565217391,ʃ i kʰ b o,1,V,1,FUT,,,,,,,
শেখা,শিখতিস,V;2;PST;HAB;LGSPEC1,0.0,0.0001084565217391,ʃ i kʰ t̪ i ʃ,4,V,2,PST,HAB,LGSPEC1,,,,,
শেখা,শিখি,V;1;PRS,0.000132,0.0001084565217391,ʃ i kʰ i,3,V,1,PRS,,,,,,,
শেখা,শিখছিলি,V;2;PST;PROG;LGSPEC1,0.0,0.0001084565217391,ʃ i kʰ t͡ʃʰ i l i,1,V,2,PST,PROG,LGSPEC1,,,,,
শেখা,শিখবে,V;2;FUT;POL,4.3e-05,0.0001084565217391,ʃ i kʰ b e,4,V,2,FUT,POL,,,,,,
শেখা,শেখা,V;V.MSDR,0.000253,0.0001084565217391,ʃ e kʰ a,3,V,V.MSDR,,,,,,,,
শেখা,শিখলাম,V;1;PST,2.3e-05,0.0001084565217391,ʃ i kʰ l a m,0,V,1,PST,,,,,,,
শেখা,শেখেন,V;3;PRS;POL,1.2e-05,0.0001084565217391,ʃ e kʰ e n,1,V,3,PRS,POL,,,,,,
শেখা,শিখতেন,V;3;PST;HAB;POL,2e-06,0.0001084565217391,ʃ i kʰ t̪ e n,3,V,3,PST,HAB,POL,,,,,
শেখা,শিখেছিলি,V;2;PST;PRF;LGSPEC1,0.0,0.0001084565217391,ʃ i kʰ e t͡ʃʰ i l i,2,V,2,PST,PRF,LGSPEC1,,,,,
শেখা,শিখলে,V;V.PTCP;COND,3.6e-05,0.0001084565217391,ʃ i kʰ l e,3,V,V.PTCP,COND,,,,,,,
শেখা,শিখছো,V;3;PRS;PROG;INFM,0.0,0.0001084565217391,ʃ i kʰ s o,2,V,3,PRS,PROG,INFM,,,,,
শেখা,শিখতাম,V;1;PST;HAB,1e-06,0.0001084565217391,ʃ i kʰ t̪ a m,2,V,1,PST,HAB,,,,,,
শেখা,শিখেছে,V;2;PRS;PRF;POL,3e-05,0.0001084565217391,ʃ i kʰ e t͡ʃʰ e,2,V,2,PRS,PRF,POL,,,,,
শেখা,শিখছিলে,V;3;PST;PROG;INFM,1e-06,0.0001084565217391,ʃ i kʰ t͡ʃʰ i l e,4,V,3,PST,PROG,INFM,,,,,
শেখা,শিখেছিলাম,V;1;PST;PRF,6e-06,0.0001084565217391,ʃ i kʰ e t͡ʃʰ i l a m,3,V,1,PST,PRF,,,,,,
শেখা,শিখিস,V;2;PRS;LGSPEC1,0.0,0.0001084565217391,ʃ i kʰ i ʃ,4,V,2,PRS,LGSPEC1,,,,,,
ঢোকা,ঢুকলো,V;2;PST;POL,3e-06,5.22608695652174e-05,dʱ u k l o,3,V,2,PST,POL,,,,,,
ঢোকা,ঢুকেছি,V;1;PRS;PRF,1e-06,5.22608695652174e-05,dʱ u k e t͡ʃʰ i,1,V,1,PRS,PRF,,,,,,
ঢোকা,ঢুকছিলো,V;2;PST;PROG;POL,0.0,5.22608695652174e-05,dʱ u k s i l o,0,V,2,PST,PROG,POL,,,,,
ঢোকা,ঢুকছিস,V;2;PRS;PROG;LGSPEC1,0.0,5.22608695652174e-05,dʱ u k s i ʃ,1,V,2,PRS,PROG,LGSPEC1,,,,,
ঢোকা,ঢুকলে,V;3;PST;INFM,6.3e-05,5.22608695652174e-05,dʱ u k l e,3,V,3,PST,INFM,,,,,,
ঢোকা,ঢুকতে,V;V.PTCP;PROG,0.000229,5.22608695652174e-05,dʱ u k t̪ e,4,V,V.PTCP,PROG,,,,,,,
ঢোকা,ঢুকলেন,V;3;PST;POL,1.2e-05,5.22608695652174e-05,dʱ u k l e n,2,V,3,PST,POL,,,,,,
ঢোকা,ঢুকেছেন,V;3;PRS;PRF;POL,7e-06,5.22608695652174e-05,dʱ u k e t͡ʃʰ e n,4,V,3,PRS,PRF,POL,,,,,
ঢোকা,ঢুকবে,V;3;FUT;INFM,1.6e-05,5.22608695652174e-05,dʱ u k b e,0,V,3,FUT,INFM,,,,,,
ঢোকা,ঢুকলি,V;2;PST;LGSPEC1,0.0,5.22608695652174e-05,dʱ u k l i,4,V,2,PST,LGSPEC1,,,,,,
ঢোকা,ঢুকে,V;V.PTCP;HAB,0.000695,5.22608695652174e-05,dʱ u k e,3,V,V.PTCP,HAB,,,,,,,
ঢোকা,ঢুকেছিলেন,V;3;PST;PRF;POL,2e-06,5.22608695652174e-05,dʱ u k e t͡ʃʰ i l e n,2,V,3,PST,PRF,POL,,,,,
ঢোকা,ঢোকো,V;3;PRS;INFM,0.0,5.22608695652174e-05,dʱ o k o,4,V,3,PRS,INFM,,,,,,
ঢোকা,ঢুকেছিস,V;2;PRS;PRF;LGSPEC1,0.0,5.22608695652174e-05,dʱ u k e t͡ʃʰ i ʃ,0,V,2,PRS,PRF,LGSPEC1,,,,,
ঢোকা,ঢুকছিলেন,V;3;PST;PROG;POL,2e-06,5.22608695652174e-05,dʱ u k t͡ʃʰ i l e n,1,V,3,PST,PROG,POL,,,,,
ঢোকা,ঢুকছেন,V;3;PRS;PROG;POL,1e-06,5.22608695652174e-05,dʱ u k t͡ʃʰ e n,0,V,3,PRS,PROG,POL,,,,,
ঢোকা,ঢুকতে,V;3;PST;HAB;INFM,0.000229,5.22608695652174e-05,dʱ u k t̪ e,2,V,3,PST,HAB,INFM,,,,,
ঢোকা,ঢুকবি,V;2;FUT;LGSPEC1,0.0,5.22608695652174e-05,dʱ u k b i,1,V,2,FUT,LGSPEC1,,,,,,
ঢোকা,ঢুকছিলাম,V;1;PST;PROG,0.0,5.22608695652174e-05,dʱ u k t͡ʃʰ i l a m,1,V,1,PST,PROG,,,,,,
ঢোকা,ঢুকছি,V;1;PRS;PROG,2e-06,5.22608695652174e-05,dʱ u k s i,3,V,1,PRS,PROG,,,,,,
ঢোকা,ঢুকেছিলো,V;2;PST;PRF;POL,0.0,5.22608695652174e-05,dʱ u k e t͡ʃʰ i l o,0,V,2,PST,PRF,POL,,,,,
ঢোকা,ঢুকে,V;V.PTCP;PRF,0.000695,5.22608695652174e-05,dʱ u k e,3,V,V.PTCP,PRF,,,,,,,
ঢোকা,ঢুকতে,V;V.NFIN,0.000229,5.22608695652174e-05,dʱ u k t̪ e,4,V,V.NFIN,,,,,,,,
ঢোকা,ঢুকেছো,V;3;PRS;PRF;INFM,0.0,5.22608695652174e-05,dʱ u k e t͡ʃʰ o,0,V,3,PRS,PRF,INFM,,,,,
ঢোকা,ঢুকবেন,V;3;FUT;POL,8e-06,5.22608695652174e-05,dʱ u k b e n,1,V,3,FUT,POL,,,,,,
ঢোকা,ঢুকছে,V;2;PRS;PROG;POL,1.9e-05,5.22608695652174e-05,dʱ u k t͡ʃʰ e,2,V,2,PRS,PROG,POL,,,,,
ঢোকা,ঢোকে,V;2;PRS;POL,3.1e-05,5.22608695652174e-05,dʱ o k e,3,V,2,PRS,POL,,,,,,
ঢোকা,ঢুকতো,V;2;PST;HAB;POL,0.0,5.22608695652174e-05,dʱ u k t̪ o,4,V,2,PST,HAB,POL,,,,,
ঢোকা,ঢুকেছিলে,V;3;PST;PRF;INFM,0.0,5.22608695652174e-05,dʱ u k e t͡ʃʰ i l e,0,V,3,PST,PRF,INFM,,,,,
ঢোকা,ঢুকবো,V;1;FUT,0.0,5.22608695652174e-05,dʱ u k b o,0,V,1,FUT,,,,,,,
ঢোকা,ঢুকতিস,V;2;PST;HAB;LGSPEC1,0.0,5.22608695652174e-05,dʱ u k t̪ i ʃ,1,V,2,PST,HAB,LGSPEC1,,,,,
ঢোকা,ঢুকি,V;1;PRS,5e-06,5.22608695652174e-05,dʱ u k i,1,V,1,PRS,,,,,,,
ঢোকা,ঢুকছিলি,V;2;PST;PROG;LGSPEC1,0.0,5.22608695652174e-05,dʱ u k t͡ʃʰ i l i,0,V,2,PST,PROG,LGSPEC1,,,,,
ঢোকা,ঢুকবে,V;2;FUT;POL,1.6e-05,5.22608695652174e-05,dʱ u k b e,1,V,2,FUT,POL,,,,,,
ঢোকা,ঢোকা,V;V.MSDR,3.6e-05,5.22608695652174e-05,dʱ o k a,4,V,V.MSDR,,,,,,,,
ঢোকা,ঢুকলাম,V;1;PST,6e-06,5.22608695652174e-05,dʱ u k l a m,1,V,1,PST,,,,,,,
ঢোকা,ঢোকেন,V;3;PRS;POL,8e-06,5.22608695652174e-05,dʱ o k e n,4,V,3,PRS,POL,,,,,,
ঢোকা,ঢুকতেন,V;3;PST;HAB;POL,0.0,5.22608695652174e-05,dʱ u k t̪ e n,1,V,3,PST,HAB,POL,,,,,
ঢোকা,ঢুকেছিলি,V;2;PST;PRF;LGSPEC1,0.0,5.22608695652174e-05,dʱ u k e t͡ʃʰ i l i,3,V,2,PST,PRF,LGSPEC1,,,,,
ঢোকা,ঢুকলে,V;V.PTCP;COND,6.3e-05,5.22608695652174e-05,dʱ u k l e,0,V,V.PTCP,COND,,,,,,,
ঢোকা,ঢুকছো,V;3;PRS;PROG;INFM,0.0,5.22608695652174e-05,dʱ u k s o,2,V,3,PRS,PROG,INFM,,,,,
ঢোকা,ঢুকতাম,V;1;PST;HAB,0.0,5.22608695652174e-05,dʱ u k t̪ a m,2,V,1,PST,HAB,,,,,,
ঢোকা,ঢুকেছে,V;2;PRS;PRF;POL,2.5e-05,5.22608695652174e-05,dʱ u k e t͡ʃʰ e,1,V,2,PRS,PRF,POL,,,,,
ঢোকা,ঢুকছিলে,V;3;PST;PROG;INFM,0.0,5.22608695652174e-05,dʱ u k t͡ʃʰ i l e,1,V,3,PST,PROG,INFM,,,,,
ঢোকা,ঢুকেছিলাম,V;1;PST;PRF,1e-06,5.22608695652174e-05,dʱ u k e t͡ʃʰ i l a m,3,V,1,PST,PRF,,,,,,
ঢোকা,ঢুকিস,V;2;PRS;LGSPEC1,0.0,5.22608695652174e-05,dʱ u k i ʃ,3,V,2,PRS,LGSPEC1,,,,,,
হওয়া,হলো,V;2;PST;POL,0.006765,0.0044904347826086,h ɔ l o,0,V,2,PST,POL,,,,,,
হওয়া,হয়েছি,V;1;PRS;PRF,2.2e-05,0.0044904347826086,h ɔ e̯ e t͡ʃʰ i,2,V,1,PRS,PRF,,,,,,
হওয়া,হচ্ছিলো,V;2;PST;PROG;POL,3.5e-05,0.0044904347826086,h ɔ t͡ʃʰː i l o,1,V,2,PST,PROG,POL,,,,,
হওয়া,হচ্ছিস,V;2;PRS;PROG;LGSPEC1,0.0,0.0044904347826086,h ɔ t͡ʃʰː i ʃ,0,V,2,PRS,PROG,LGSPEC1,,,,,
হওয়া,হলে,V;3;PST;INFM,0.016244,0.0044904347826086,h ɔ l e,3,V,3,PST,INFM,,,,,,
হওয়া,হতে,V;V.PTCP;PROG,0.026633,0.0044904347826086,h ɔ t̪ e,0,V,V.PTCP,PROG,,,,,,,
হওয়া,হলেন,V;3;PST;POL,0.001103,0.0044904347826086,h ɔ l e n,4,V,3,PST,POL,,,,,,
হওয়া,হয়েছেন,V;3;PRS;PRF;POL,8.9e-05,0.0044904347826086,h ɔ e̯ e t͡ʃʰ e n,2,V,3,PRS,PRF,POL,,,,,
হওয়া,হবে,V;3;FUT;INFM,0.026448,0.0044904347826086,h ɔ b e,3,V,3,FUT,INFM,,,,,,
হওয়া,হলি,V;2;PST;LGSPEC1,0.000111,0.0044904347826086,h ɔ l i,0,V,2,PST,LGSPEC1,,,,,,
হওয়া,হয়ে,V;V.PTCP;HAB,0.003547,0.0044904347826086,h ɔ e̯ e,4,V,V.PTCP,HAB,,,,,,,
হওয়া,হয়েছিলেন,V;3;PST;PRF;POL,2.1e-05,0.0044904347826086,h ɔ e̯ e t͡ʃʰ i l e n,2,V,3,PST,PRF,POL,,,,,
হওয়া,হও,V;3;PRS;INFM,8.2e-05,0.0044904347826086,h ɔ o̯,1,V,3,PRS,INFM,,,,,,
হওয়া,হয়েছিস,V;2;PRS;PRF;LGSPEC1,0.0,0.0044904347826086,h ɔ e̯ e t͡ʃʰ i ʃ,3,V,2,PRS,PRF,LGSPEC1,,,,,
হওয়া,হচ্ছিলেন,V;3;PST;PROG;POL,1.5e-05,0.0044904347826086,h ɔ t͡ʃʰː i l e n,2,V,3,PST,PROG,POL,,,,,
হওয়া,হচ্ছেন,V;3;PRS;PROG;POL,0.000548,0.0044904347826086,h ɔ t͡ʃʰː e n,3,V,3,PRS,PROG,POL,,,,,
হওয়া,হতে,V;3;PST;HAB;INFM,0.026633,0.0044904347826086,h ɔ t̪ e,4,V,3,PST,HAB,INFM,,,,,
হওয়া,হবি,V;2;FUT;LGSPEC1,9e-06,0.0044904347826086,h ɔ b i,0,V,2,FUT,LGSPEC1,,,,,,
হওয়া,হচ্ছিলাম,V;1;PST;PROG,2e-06,0.0044904347826086,h ɔ t͡ʃʰː i l a m,2,V,1,PST,PROG,,,,,,
হওয়া,হচ্ছি,V;1;PRS;PROG,4.9e-05,0.0044904347826086,h ɔ t͡ʃʰː i,0,V,1,PRS,PROG,,,,,,
হওয়া,হয়েছিলো,V;2;PST;PRF;POL,2.5e-05,0.0044904347826086,h ɔ e̯ e t͡ʃʰ i l o,4,V,2,PST,PRF,POL,,,,,
হওয়া,হয়ে,V;V.PTCP;PRF,0.003547,0.0044904347826086,h ɔ e̯ e,4,V,V.PTCP,PRF,,,,,,,
হওয়া,হতে,V;V.NFIN,0.026633,0.0044904347826086,h ɔ t̪ e,2,V,V.NFIN,,,,,,,,
হওয়া,হয়েছো,V;3;PRS;PRF;INFM,1e-06,0.0044904347826086,h ɔ e̯ e t͡ʃʰ o,2,V,3,PRS,PRF,INFM,,,,,
হওয়া,হবেন,V;3;FUT;POL,0.001043,0.0044904347826086,h ɔ b e n,1,V,3,FUT,POL,,,,,,
হওয়া,হচ্ছে,V;2;PRS;PROG;POL,0.013743,0.0044904347826086,h ɔ t͡ʃʰː e,2,V,2,PRS,PROG,POL,,,,,
হওয়া,হয়,V;2;PRS;POL,0.004152,0.0044904347826086,h ɔ e̯,1,V,2,PRS,POL,,,,,,
হওয়া,হতো,V;2;PST;HAB;POL,0.001238,0.0044904347826086,h ɔ t̪ o,1,V,2,PST,HAB,POL,,,,,
হওয়া,হয়েছিলে,V;3;PST;PRF;INFM,1e-06,0.0044904347826086,h ɔ e̯ e t͡ʃʰ i l e,4,V,3,PST,PRF,INFM,,,,,
হওয়া,হবো,V;1;FUT,0.000107,0.0044904347826086,h ɔ b o,1,V,1,FUT,,,,,,,
হওয়া,হতিস,V;2;PST;HAB;LGSPEC1,0.0,0.0044904347826086,h ɔ t̪ i ʃ,4,V,2,PST,HAB,LGSPEC1,,,,,
হওয়া,হই,V;1;PRS,0.000283,0.0044904347826086,h ɔ i̯,0,V,1,PRS,,,,,,,
হওয়া,হচ্ছিলি,V;2;PST;PROG;LGSPEC1,0.0,0.0044904347826086,h ɔ t͡ʃʰː i l i,3,V,2,PST,PROG,LGSPEC1,,,,,
হওয়া,হবে,V;2;FUT;POL,0.026448,0.0044904347826086,h ɔ b e,0,V,2,FUT,POL,,,,,,
হওয়া,হওয়া,V;V.MSDR,0.000411,0.0044904347826086,h ɔ o̯ a,0,V,V.MSDR,,,,,,,,
হওয়া,হলাম,V;1;PST,0.000331,0.0044904347826086,h ɔ l a m,3,V,1,PST,,,,,,,
হওয়া,হন,V;3;PRS;POL,0.002347,0.0044904347826086,h ɔ n,0,V,3,PRS,POL,,,,,,
হওয়া,হতেন,V;3;PST;HAB;POL,6.2e-05,0.0044904347826086,h ɔ t̪ e n,0,V,3,PST,HAB,POL,,,,,
হওয়া,হয়েছিলি,V;2;PST;PRF;LGSPEC1,0.0,0.0044904347826086,h ɔ e̯ e t͡ʃʰ i l i,3,V,2,PST,PRF,LGSPEC1,,,,,
হওয়া,হলে,V;V.PTCP;COND,0.016244,0.0044904347826086,h ɔ l e,1,V,V.PTCP,COND,,,,,,,
হওয়া,হচ্ছো,V;3;PRS;PROG;INFM,1e-06,0.0044904347826086,h ɔ t͡ʃʰː o,1,V,3,PRS,PROG,INFM,,,,,
হওয়া,হতাম,V;1;PST;HAB,4.7e-05,0.0044904347826086,h ɔ t̪ a m,1,V,1,PST,HAB,,,,,,
হওয়া,হয়েছে,V;2;PRS;PRF;POL,0.001537,0.0044904347826086,h ɔ e̯ e s e,0,V,2,PRS,PRF,POL,,,,,
হওয়া,হচ্ছিলে,V;3;PST;PROG;INFM,0.0,0.0044904347826086,h ɔ t͡ʃʰː i l e,4,V,3,PST,PROG,INFM,,,,,
হওয়া,হয়েছিলাম,V;1;PST;PRF,3e-06,0.0044904347826086,h ɔ e̯ e t͡ʃʰ i l a m,2,V,1,PST,PRF,,,,,,
হওয়া,হস,V;2;PRS;LGSPEC1,0.0,0.0044904347826086,h ɔ ʃ,0,V,2,PRS,LGSPEC1,,,,,,
হাঁটা,হাঁটলো,V;2;PST;POL,0.0,3.699999999999999e-05,h a t l o,3,V,2,PST,POL,,,,,,
হাঁটা,হেঁটেছি,V;1;PRS;PRF,4e-06,3.699999999999999e-05,h æ t e t͡ʃʰ i,4,V,1,PRS,PRF,,,,,,
হাঁটা,হাঁটছিলো,V;2;PST;PROG;POL,1e-06,3.699999999999999e-05,h a t t͡ʃʰ i l o,3,V,2,PST,PROG,POL,,,,,
হাঁটা,হাঁটছিস,V;2;PRS;PROG;LGSPEC1,0.0,3.699999999999999e-05,h a t s i ʃ,4,V,2,PRS,PROG,LGSPEC1,,,,,
হাঁটা,হাঁটলে,V;3;PST;INFM,3.4e-05,3.699999999999999e-05,h a t l e,0,V,3,PST,INFM,,,,,,
হাঁটা,হাঁটতে,V;V.PTCP;PROG,0.00022,3.699999999999999e-05,h a t t̪ e,1,V,V.PTCP,PROG,,,,,,,
হাঁটা,হাঁটলেন,V;3;PST;POL,4e-06,3.699999999999999e-05,h a t l e n,1,V,3,PST,POL,,,,,,
হাঁটা,হেঁটেছেন,V;3;PRS;PRF;POL,6e-06,3.699999999999999e-05,h æ t e t͡ʃʰ e n,0,V,3,PRS,PRF,POL,,,,,
হাঁটা,হাঁটবে,V;3;FUT;INFM,5e-06,3.699999999999999e-05,h a t b e,4,V,3,FUT,INFM,,,,,,
হাঁটা,হাঁটলি,V;2;PST;LGSPEC1,0.0,3.699999999999999e-05,h a t l i,4,V,2,PST,LGSPEC1,,,,,,
হাঁটা,হেঁটে,V;V.PTCP;HAB,0.000371,3.699999999999999e-05,h æ t e,3,V,V.PTCP,HAB,,,,,,,
হাঁটা,হেঁটেছিলেন,V;3;PST;PRF;POL,1e-06,3.699999999999999e-05,h æ t e t͡ʃʰ i l e n,2,V,3,PST,PRF,POL,,,,,
হাঁটা,হাঁটো,V;3;PRS;INFM,1e-06,3.699999999999999e-05,h a t o,1,V,3,PRS,INFM,,,,,,
হাঁটা,হেঁটেছিস,V;2;PRS;PRF;LGSPEC1,0.0,3.699999999999999e-05,h æ t e t͡ʃʰ i ʃ,3,V,2,PRS,PRF,LGSPEC1,,,,,
হাঁটা,হাঁটছিলেন,V;3;PST;PROG;POL,2e-06,3.699999999999999e-05,h a t t͡ʃʰ i l e n,1,V,3,PST,PROG,POL,,,,,
হাঁটা,হাঁটছেন,V;3;PRS;PROG;POL,1.3e-05,3.699999999999999e-05,h a t t͡ʃʰ e n,2,V,3,PRS,PROG,POL,,,,,
হাঁটা,হাঁটতে,V;3;PST;HAB;INFM,0.00022,3.699999999999999e-05,h a t t̪ e,2,V,3,PST,HAB,INFM,,,,,
হাঁটা,হাঁটবি,V;2;FUT;LGSPEC1,0.0,3.699999999999999e-05,h a t b i,4,V,2,FUT,LGSPEC1,,,,,,
হাঁটা,হাঁটছিলাম,V;1;PST;PROG,0.0,3.699999999999999e-05,h a t t͡ʃʰ i l a m,3,V,1,PST,PROG,,,,,,
হাঁটা,হাঁটছি,V;1;PRS;PROG,6e-06,3.699999999999999e-05,h a t s i,0,V,1,PRS,PROG,,,,,,
হাঁটা,হেঁটেছিলো,V;2;PST;PRF;POL,0.0,3.699999999999999e-05,h æ t e t͡ʃʰ i l o,0,V,2,PST,PRF,POL,,,,,
হাঁটা,হেঁটে,V;V.PTCP;PRF,0.000371,3.699999999999999e-05,h æ t e,1,V,V.PTCP,PRF,,,,,,,
হাঁটা,হাঁটতে,V;V.NFIN,0.00022,3.699999999999999e-05,h a t t̪ e,3,V,V.NFIN,,,,,,,,
হাঁটা,হেঁটেছো,V;3;PRS;PRF;INFM,0.0,3.699999999999999e-05,h æ t e t͡ʃʰ o,1,V,3,PRS,PRF,INFM,,,,,
হাঁটা,হাঁটবেন,V;3;FUT;POL,6e-06,3.699999999999999e-05,h a t b e n,2,V,3,FUT,POL,,,,,,
হাঁটা,হাঁটছে,V;2;PRS;PROG;POL,1e-05,3.699999999999999e-05,h a t t͡ʃʰ e,0,V,2,PRS,PROG,POL,,,,,
হাঁটা,হাঁটে,V;2;PRS;POL,6e-06,3.699999999999999e-05,h a t e,4,V,2,PRS,POL,,,,,,
হাঁটা,হাঁটতো,V;2;PST;HAB;POL,0.0,3.699999999999999e-05,h a t o,3,V,2,PST,HAB,POL,,,,,
হাঁটা,হেঁটেছিলে,V;3;PST;PRF;INFM,0.0,3.699999999999999e-05,h æ t e t͡ʃʰ i l e,0,V,3,PST,PRF,INFM,,,,,
হাঁটা,হাঁটবো,V;1;FUT,0.0,3.699999999999999e-05,h a t b o,1,V,1,FUT,,,,,,,
হাঁটা,হাঁটতিস,V;2;PST;HAB;LGSPEC1,0.0,3.699999999999999e-05,h a t t̪ i ʃ,2,V,2,PST,HAB,LGSPEC1,,,,,
হাঁটা,হাঁটি,V;1;PRS,3.1e-05,3.699999999999999e-05,h a t i,4,V,1,PRS,,,,,,,
হাঁটা,হাঁটছিলি,V;2;PST;PROG;LGSPEC1,0.0,3.699999999999999e-05,h a t t͡ʃʰ i l i,4,V,2,PST,PROG,LGSPEC1,,,,,
হাঁটা,হাঁটবে,V;2;FUT;POL,5e-06,3.699999999999999e-05,h a t b e,4,V,2,FUT,POL,,,,,,
হাঁটা,হাঁটা,V;V.MSDR,0.000112,3.699999999999999e-05,h a t a,4,V,V.MSDR,,,,,,,,
হাঁটা,হাঁটলাম,V;1;PST,0.0,3.699999999999999e-05,h a t l a m,2,V,1,PST,,,,,,,
হাঁটা,হাঁটেন,V;3;PRS;POL,1.6e-05,3.699999999999999e-05,h a t e n,0,V,3,PRS,POL,,,,,,
হাঁটা,হাঁটতেন,V;3;PST;HAB;POL,2e-06,3.699999999999999e-05,h a t t̪ e n,2,V,3,PST,HAB,POL,,,,,
হাঁটা,হেঁটেছিলি,V;2;PST;PRF;LGSPEC1,0.0,3.699999999999999e-05,h æ t e t͡ʃʰ i l i,3,V,2,PST,PRF,LGSPEC1,,,,,
হাঁটা,হাঁটলে,V;V.PTCP;COND,3.4e-05,3.699999999999999e-05,h a t l e,1,V,V.PTCP,COND,,,,,,,
হাঁটা,হাঁটছো,V;3;PRS;PROG;INFM,0.0,3.699999999999999e-05,h a t s o,1,V,3,PRS,PROG,INFM,,,,,
হাঁটা,হাঁটতাম,V;1;PST;HAB,0.0,3.699999999999999e-05,h a t t̪ a m,3,V,1,PST,HAB,,,,,,
হাঁটা,হেঁটেছে,V;2;PRS;PRF;POL,1e-06,3.699999999999999e-05,h æ t e t͡ʃʰ e,3,V,2,PRS,PRF,POL,,,,,
হাঁটা,হাঁটছিলে,V;3;PST;PROG;INFM,0.0,3.699999999999999e-05,h a t t͡ʃʰ i l e,4,V,3,PST,PROG,INFM,,,,,
হাঁটা,হেঁটেছিলাম,V;1;PST;PRF,0.0,3.699999999999999e-05,h æ t e t͡ʃʰ i l a m,3,V,1,PST,PRF,,,,,,
হাঁটা,হাঁটিস,V;2;PRS;LGSPEC1,0.0,3.699999999999999e-05,h a t i ʃ,0,V,2,PRS,LGSPEC1,,,,,,
ঘামা,ঘামলো,V;2;PST;POL,0.0,3.869565217391304e-06,ɡʱ a m l o,4,V,2,PST,POL,,,,,,
ঘামা,ঘেমেছি,V;1;PRS;PRF,0.0,3.869565217391304e-06,ɡʱ e m e t͡ʃʰ i,4,V,1,PRS,PRF,,,,,,
ঘামা,ঘামছিলো,V;2;PST;PROG;POL,0.0,3.869565217391304e-06,ɡʱ a m t͡ʃʰ i l o,4,V,2,PST,PROG,POL,,,,,
ঘামা,ঘামছিস,V;2;PRS;PROG;LGSPEC1,0.0,3.869565217391304e-06,ɡʱ a m t͡ʃʰ i ʃ,1,V,2,PRS,PROG,LGSPEC1,,,,,
ঘামা,ঘামলে,V;3;PST;INFM,2e-06,3.869565217391304e-06,ɡʱ a m l e,0,V,3,PST,INFM,,,,,,
ঘামা,ঘামতে,V;V.PTCP;PROG,1.3e-05,3.869565217391304e-06,ɡʱ a m t̪ e,2,V,V.PTCP,PROG,,,,,,,
ঘামা,ঘামলেন,V;3;PST;POL,0.0,3.869565217391304e-06,ɡʱ a m l e n,0,V,3,PST,POL,,,,,,
ঘামা,ঘেমেছেন,V;3;PRS;PRF;POL,0.0,3.869565217391304e-06,ɡʱ e m e t͡ʃʰ e n,3,V,3,PRS,PRF,POL,,,,,
ঘামা,ঘামবে,V;3;FUT;INFM,3e-06,3.869565217391304e-06,ɡʱ a m b e,2,V,3,FUT,INFM,,,,,,
ঘামা,ঘামলি,V;2;PST;LGSPEC1,0.0,3.869565217391304e-06,ɡʱ a m l i,2,V,2,PST,LGSPEC1,,,,,,
ঘামা,ঘেমে,V;V.PTCP;HAB,4.2e-05,3.869565217391304e-06,ɡʱ e m e,0,V,V.PTCP,HAB,,,,,,,
ঘামা,ঘেমেছিলেন,V;3;PST;PRF;POL,0.0,3.869565217391304e-06,ɡʱ e m e t͡ʃʰ i l e n,2,V,3,PST,PRF,POL,,,,,
ঘামা,ঘামো,V;3;PRS;INFM,0.0,3.869565217391304e-06,ɡʱ a m o,2,V,3,PRS,INFM,,,,,,
ঘামা,ঘেমেছিস,V;2;PRS;PRF;LGSPEC1,0.0,3.869565217391304e-06,ɡʱ e m e t͡ʃʰ i ʃ,1,V,2,PRS,PRF,LGSPEC1,,,,,
ঘামা,ঘামছিলেন,V;3;PST;PROG;POL,0.0,3.869565217391304e-06,ɡʱ a m t͡ʃʰ i l e n,4,V,3,PST,PROG,POL,,,,,
ঘামা,ঘামছেন,V;3;PRS;PROG;POL,2e-06,3.869565217391304e-06,ɡʱ a m t͡ʃʰ e n,1,V,3,PRS,PROG,POL,,,,,
ঘামা,ঘামতে,V;3;PST;HAB;INFM,1.3e-05,3.869565217391304e-06,ɡʱ a m t̪ e,0,V,3,PST,HAB,INFM,,,,,
ঘামা,ঘামবি,V;2;FUT;LGSPEC1,0.0,3.869565217391304e-06,ɡʱ a m b i,3,V,2,FUT,LGSPEC1,,,,,,
ঘামা,ঘামছিলাম,V;1;PST;PROG,0.0,3.869565217391304e-06,ɡʱ a m t͡ʃʰ i l a m,3,V,1,PST,PROG,,,,,,
ঘামা,ঘামছি,V;1;PRS;PROG,1e-06,3.869565217391304e-06,ɡʱ a m s i,3,V,1,PRS,PROG,,,,,,
ঘামা,ঘেমেছিলো,V;2;PST;PRF;POL,0.0,3.869565217391304e-06,ɡʱ e m e t͡ʃʰ i l o,1,V,2,PST,PRF,POL,,,,,
ঘামা,ঘেমে,V;V.PTCP;PRF,4.2e-05,3.869565217391304e-06,ɡʱ e m e,2,V,V.PTCP,PRF,,,,,,,
ঘামা,ঘামতে,V;V.NFIN,1.3e-05,3.869565217391304e-06,ɡʱ a m t̪ e,1,V,V.NFIN,,,,,,,,
ঘামা,ঘেমেছো,V;3;PRS;PRF;INFM,0.0,3.869565217391304e-06,ɡʱ e m e t͡ʃʰ o,0,V,3,PRS,PRF,INFM,,,,,
ঘামা,ঘামবেন,V;3;FUT;POL,1e-06,3.869565217391304e-06,ɡʱ a m b e n,4,V,3,FUT,POL,,,,,,
ঘামা,ঘামছে,V;2;PRS;PROG;POL,0.0,3.869565217391304e-06,ɡʱ a m t͡ʃʰ e,1,V,2,PRS,PROG,POL,,,,,
ঘামা,ঘামে,V;2;PRS;POL,3.1e-05,3.869565217391304e-06,ɡʱ a m e,4,V,2,PRS,POL,,,,,,
ঘামা,ঘামতো,V;2;PST;HAB;POL,0.0,3.869565217391304e-06,ɡʱ a m o t̪ o,2,V,2,PST,HAB,POL,,,,,
ঘামা,ঘেমেছিলে,V;3;PST;PRF;INFM,0.0,3.869565217391304e-06,ɡʱ e m e t͡ʃʰ i l e,2,V,3,PST,PRF,INFM,,,,,
ঘামা,ঘামবো,V;1;FUT,0.0,3.869565217391304e-06,ɡʱ a m b o,0,V,1,FUT,,,,,,,
ঘামা,ঘামতিস,V;2;PST;HAB;LGSPEC1,0.0,3.869565217391304e-06,ɡʱ a m t̪ i ʃ,3,V,2,PST,HAB,LGSPEC1,,,,,
ঘামা,ঘামি,V;1;PRS,0.0,3.869565217391304e-06,ɡʱ a m i,3,V,1,PRS,,,,,,,
ঘামা,ঘামছিলি,V;2;PST;PROG;LGSPEC1,0.0,3.869565217391304e-06,ɡʱ a m t͡ʃʰ i l i,3,V,2,PST,PROG,LGSPEC1,,,,,
ঘামা,ঘামবে,V;2;FUT;POL,3e-06,3.869565217391304e-06,ɡʱ a m b e,1,V,2,FUT,POL,,,,,,
ঘামা,ঘামা,V;V.MSDR,7e-06,3.869565217391304e-06,ɡʱ a m a,3,V,V.MSDR,,,,,,,,
ঘামা,ঘামলাম,V;1;PST,0.0,3.869565217391304e-06,ɡʱ a m l a m,3,V,1,PST,,,,,,,
ঘামা,ঘামেন,V;3;PRS;POL,3e-06,3.869565217391304e-06,ɡʱ a m e n,0,V,3,PRS,POL,,,,,,
ঘামা,ঘামতেন,V;3;PST;HAB;POL,0.0,3.869565217391304e-06,ɡʱ a m t̪ e n,4,V,3,PST,HAB,POL,,,,,
ঘামা,ঘেমেছিলি,V;2;PST;PRF;LGSPEC1,0.0,3.869565217391304e-06,ɡʱ e m e t͡ʃʰ i l i,4,V,2,PST,PRF,LGSPEC1,,,,,
ঘামা,ঘামলে,V;V.PTCP;COND,2e-06,3.869565217391304e-06,ɡʱ a m l e,4,V,V.PTCP,COND,,,,,,,
ঘামা,ঘামছো,V;3;PRS;PROG;INFM,0.0,3.869565217391304e-06,ɡʱ a m s o,2,V,3,PRS,PROG,INFM,,,,,
ঘামা,ঘামতাম,V;1;PST;HAB,0.0,3.869565217391304e-06,ɡʱ a m t̪ a m,3,V,1,PST,HAB,,,,,,
ঘামা,ঘেমেছে,V;2;PRS;PRF;POL,0.0,3.869565217391304e-06,ɡʱ e m e t͡ʃʰ e,0,V,2,PRS,PRF,POL,,,,,
ঘামা,ঘামছিলে,V;3;PST;PROG;INFM,0.0,3.869565217391304e-06,ɡʱ a m t͡ʃʰ i l e,2,V,3,PST,PROG,INFM,,,,,
ঘামা,ঘেমেছিলাম,V;1;PST;PRF,0.0,3.869565217391304e-06,ɡʱ e m e t͡ʃʰ i l a m,2,V,1,PST,PRF,,,,,,
ঘামা,ঘামিস,V;2;PRS;LGSPEC1,0.0,3.869565217391304e-06,ɡʱ a m i ʃ,4,V,2,PRS,LGSPEC1,,,,,,
পাওয়া,পেলো,V;2;PST;POL,5.8e-05,0.0006220652173913,p e l o,1,V,2,PST,POL,,,,,,
পাওয়া,পেয়েছি,V;1;PRS;PRF,4.5e-05,0.0006220652173913,p e e s i,2,V,1,PRS,PRF,,,,,,
পাওয়া,পাচ্ছিলো,V;2;PST;PROG;POL,5e-06,0.0006220652173913,p a t͡ʃʰː i l o,3,V,2,PST,PROG,POL,,,,,
পাওয়া,পাচ্ছিস,V;2;PRS;PROG;LGSPEC1,1e-06,0.0006220652173913,p a t͡ʃʰː i ʃ,0,V,2,PRS,PROG,LGSPEC1,,,,,
পাওয়া,পেলে,V;3;PST;INFM,0.00114,0.0006220652173913,p e l e,3,V,3,PST,INFM,,,,,,
পাওয়া,পেতে,V;V.PTCP;PROG,0.004065,0.0006220652173913,p e t̪ e,1,V,V.PTCP,PROG,,,,,,,
পাওয়া,পেলেন,V;3;PST;POL,0.000313,0.0006220652173913,p e l e n,1,V,3,PST,POL,,,,,,
পাওয়া,পেয়েছেন,V;3;PRS;PRF;POL,5.1e-05,0.0006220652173913,p e e s e n,1,V,3,PRS,PRF,POL,,,,,
পাওয়া,পাবে,V;3;FUT;INFM,0.000998,0.0006220652173913,p a b e,2,V,3,FUT,INFM,,,,,,
পাওয়া,পেলি,V;2;PST;LGSPEC1,0.0,0.0006220652173913,p e l i,2,V,2,PST,LGSPEC1,,,,,,
পাওয়া,পেয়ে,V;V.PTCP;HAB,0.000338,0.0006220652173913,p e e,3,V,V.PTCP,HAB,,,,,,,
পাওয়া,পেয়েছিলেন,V;3;PST;PRF;POL,9e-06,0.0006220652173913,p e e s i l e n,1,V,3,PST,PRF,POL,,,,,
পাওয়া,পাও,V;3;PRS;INFM,3.5e-05,0.0006220652173913,p a o̯,4,V,3,PRS,INFM,,,,,,
পাওয়া,পেয়েছিস,V;2;PRS;PRF;LGSPEC1,0.0,0.0006220652173913,p e e s i ʃ,2,V,2,PRS,PRF,LGSPEC1,,,,,
পাওয়া,পাচ্ছিলেন,V;3;PST;PROG;POL,1.9e-05,0.0006220652173913,p a t͡ʃʰː i l e n,0,V,3,PST,PROG,POL,,,,,
পাওয়া,পাচ্ছেন,V;3;PRS;PROG;POL,0.000607,0.0006220652173913,p a t͡ʃʰː e n,0,V,3,PRS,PROG,POL,,,,,
পাওয়া,পেতে,V;3;PST;HAB;INFM,0.004065,0.0006220652173913,p e t̪ e,1,V,3,PST,HAB,INFM,,,,,
পাওয়া,পাবি,V;2;FUT;LGSPEC1,1e-05,0.0006220652173913,p a b i,4,V,2,FUT,LGSPEC1,,,,,,
পাওয়া,পাচ্ছিলাম,V;1;PST;PROG,3.2e-05,0.0006220652173913,p a t͡ʃʰː i l a m,3,V,1,PST,PROG,,,,,,
পাওয়া,পাচ্ছি,V;1;PRS;PROG,0.000236,0.0006220652173913,p a t͡ʃʰː i,2,V,1,PRS,PROG,,,,,,
পাওয়া,পেয়েছিলো,V;2;PST;PRF;POL,1e-06,0.0006220652173913,p e e s i l o,0,V,2,PST,PRF,POL,,,,,
পাওয়া,পেয়ে,V;V.PTCP;PRF,0.000338,0.0006220652173913,p e e,1,V,V.PTCP,PRF,,,,,,,
পাওয়া,পেতে,V;V.NFIN,0.004065,0.0006220652173913,p e t̪ e,2,V,V.NFIN,,,,,,,,
পাওয়া,পেয়েছো,V;3;PRS;PRF;INFM,0.0,0.0006220652173913,p e e s o,1,V,3,PRS,PRF,INFM,,,,,
পাওয়া,পাবেন,V;3;FUT;POL,0.00324,0.0006220652173913,p a b e n,3,V,3,FUT,POL,,,,,,
পাওয়া,পাচ্ছে,V;2;PRS;PROG;POL,0.000577,0.0006220652173913,p a t͡ʃʰː e,2,V,2,PRS,PROG,POL,,,,,
পাওয়া,পায়,V;2;PRS;POL,0.000177,0.0006220652173913,p a e̯,2,V,2,PRS,POL,,,,,,
পাওয়া,পেতো,V;2;PST;HAB;POL,1.7e-05,0.0006220652173913,p e t̪ o,1,V,2,PST,HAB,POL,,,,,
পাওয়া,পেয়েছিলে,V;3;PST;PRF;INFM,0.0,0.0006220652173913,p e e s i l e,2,V,3,PST,PRF,INFM,,,,,
পাওয়া,পাবো,V;1;FUT,0.000125,0.0006220652173913,p a b o,1,V,1,FUT,,,,,,,
পাওয়া,পেতিস,V;2;PST;HAB;LGSPEC1,1e-06,0.0006220652173913,p e t̪ i ʃ,1,V,2,PST,HAB,LGSPEC1,,,,,
পাওয়া,পাই,V;1;PRS,0.000584,0.0006220652173913,p a i̯,3,V,1,PRS,,,,,,,
পাওয়া,পাচ্ছিলি,V;2;PST;PROG;LGSPEC1,0.0,0.0006220652173913,p a t͡ʃʰː i l i,2,V,2,PST,PROG,LGSPEC1,,,,,
পাওয়া,পাবে,V;2;FUT;POL,0.000998,0.0006220652173913,p a b e,3,V,2,FUT,POL,,,,,,
পাওয়া,পাওয়া,V;V.MSDR,0.001239,0.0006220652173913,p a o̯ a,4,V,V.MSDR,,,,,,,,
পাওয়া,পেলাম,V;1;PST,0.000302,0.0006220652173913,p e l a m,2,V,1,PST,,,,,,,
পাওয়া,পান,V;3;PRS;POL,0.002373,0.0006220652173913,p a n,2,V,3,PRS,POL,,,,,,
পাওয়া,পেতেন,V;3;PST;HAB;POL,7.1e-05,0.0006220652173913,p e t̪ e n,2,V,3,PST,HAB,POL,,,,,
পাওয়া,পেয়েছিলি,V;2;PST;PRF;LGSPEC1,0.0,0.0006220652173913,p e e s i l i,3,V,2,PST,PRF,LGSPEC1,,,,,
পাওয়া,পেলে,V;V.PTCP;COND,0.00114,0.0006220652173913,p e l e,2,V,V.PTCP,COND,,,,,,,
পাওয়া,পাচ্ছো,V;3;PRS;PROG;INFM,8e-06,0.0006220652173913,p a t͡ʃʰː o,4,V,3,PRS,PROG,INFM,,,,,
পাওয়া,পেতাম,V;1;PST;HAB,5.8e-05,0.0006220652173913,p e t̪ a m,2,V,1,PST,HAB,,,,,,
পাওয়া,পেয়েছে,V;2;PRS;PRF;POL,5.9e-05,0.0006220652173913,p e e s e,0,V,2,PRS,PRF,POL,,,,,
পাওয়া,পাচ্ছিলে,V;3;PST;PROG;INFM,0.0,0.0006220652173913,p a t͡ʃʰː i l e,3,V,3,PST,PROG,INFM,,,,,
পাওয়া,পেয়েছিলাম,V;1;PST;PRF,8e-06,0.0006220652173913,p e e s i l a m,0,V,1,PST,PRF,,,,,,
পাওয়া,পাস,V;2;PRS;LGSPEC1,0.001207,0.0006220652173913,p a ʃ,4,V,2,PRS,LGSPEC1,,,,,,
আসা,আসলো,V;2;PST;POL,7.5e-05,0.0008364130434782,a s l o,4,V,2,PST,POL,,,,,,
আসা,এসেছি,V;1;PRS;PRF,0.000322,0.0008364130434782,e ʃ e t͡ʃʰ i,3,V,1,PRS,PRF,,,,,,
আসা,আসছিলো,V;2;PST;PROG;POL,1.4e-05,0.0008364130434782,a s t͡ʃʰ i l o,2,V,2,PST,PROG,POL,,,,,
আসা,আসছিস,V;2;PRS;PROG;LGSPEC1,0.0,0.0008364130434782,a s t͡ʃʰ i ʃ,2,V,2,PRS,PROG,LGSPEC1,,,,,
আসা,আসলে,V;3;PST;INFM,0.003022,0.0008364130434782,a s l e,4,V,3,PST,INFM,,,,,,
আসা,আসতে,V;V.PTCP;PROG,0.002783,0.0008364130434782,a ʃ t̪ e,1,V,V.PTCP,PROG,,,,,,,
আসা,আসলেন,V;3;PST;POL,4.2e-05,0.0008364130434782,a s l e n,0,V,3,PST,POL,,,,,,
আসা,এসেছেন,V;3;PRS;PRF;POL,0.000287,0.0008364130434782,e ʃ e t͡ʃʰ e n,1,V,3,PRS,PRF,POL,,,,,
আসা,আসবে,V;3;FUT;INFM,0.00155,0.0008364130434782,a ʃ b e,2,V,3,FUT,INFM,,,,,,
আসা,আসলি,V;2;PST;LGSPEC1,2e-06,0.0008364130434782,a s l i,1,V,2,PST,LGSPEC1,,,,,,
আসা,এসে,V;V.PTCP;HAB,0.004202,0.0008364130434782,e ʃ e,0,V,V.PTCP,HAB,,,,,,,
আসা,এসেছিলেন,V;3;PST;PRF;POL,0.000161,0.0008364130434782,e ʃ e t͡ʃʰ i l e n,4,V,3,PST,PRF,POL,,,,,
আসা,আসো,V;3;PRS;INFM,2.6e-05,0.0008364130434782,a ʃ o,2,V,3,PRS,INFM,,,,,,
আসা,এসেছিস,V;2;PRS;PRF;LGSPEC1,4e-06,0.0008364130434782,e ʃ e t͡ʃʰ i ʃ,2,V,2,PRS,PRF,LGSPEC1,,,,,
আসা,আসছিলেন,V;3;PST;PROG;POL,4.1e-05,0.0008364130434782,a s t͡ʃʰ i l e n,3,V,3,PST,PROG,POL,,,,,
আসা,আসছেন,V;3;PRS;PROG;POL,0.000234,0.0008364130434782,a s t͡ʃʰ e n,3,V,3,PRS,PROG,POL,,,,,
আসা,আসতে,V;3;PST;HAB;INFM,0.002783,0.0008364130434782,a ʃ t̪ e,1,V,3,PST,HAB,INFM,,,,,
আসা,আসবি,V;2;FUT;LGSPEC1,0.0,0.0008364130434782,a ʃ b i,2,V,2,FUT,LGSPEC1,,,,,,
আসা,আসছিলাম,V;1;PST;PROG,6e-06,0.0008364130434782,a s t͡ʃʰ i l a m,1,V,1,PST,PROG,,,,,,
আসা,আসছি,V;1;PRS;PROG,0.000101,0.0008364130434782,a ʃ t͡ʃʰ i,1,V,1,PRS,PROG,,,,,,
আসা,এসেছিলো,V;2;PST;PRF;POL,2.4e-05,0.0008364130434782,e ʃ e t͡ʃʰ i l o,3,V,2,PST,PRF,POL,,,,,
আসা,এসে,V;V.PTCP;PRF,0.004202,0.0008364130434782,e ʃ e,3,V,V.PTCP,PRF,,,,,,,
আসা,আসতে,V;V.NFIN,0.002783,0.0008364130434782,a ʃ t̪ e,1,V,V.NFIN,,,,,,,,
আসা,এসেছো,V;3;PRS;PRF;INFM,2e-06,0.0008364130434782,e ʃ e t͡ʃʰ o,3,V,3,PRS,PRF,INFM,,,,,
আসা,আসবেন,V;3;FUT;POL,0.000178,0.0008364130434782,a s b e n,1,V,3,FUT,POL,,,,,,
আসা,আসছে,V;2;PRS;PROG;POL,0.001812,0.0008364130434782,a ʃ t͡ʃʰ e,3,V,2,PRS,PROG,POL,,,,,
আসা,আসে,V;2;PRS;POL,0.002806,0.0008364130434782,a ʃ e,3,V,2,PRS,POL,,,,,,
আসা,আসতো,V;2;PST;HAB;POL,5.7e-05,0.0008364130434782,a ʃ t̪ o,4,V,2,PST,HAB,POL,,,,,
আসা,এসেছিলে,V;3;PST;PRF;INFM,2e-06,0.0008364130434782,e ʃ e t͡ʃʰ i l e,2,V,3,PST,PRF,INFM,,,,,
আসা,আসবো,V;1;FUT,3.8e-05,0.0008364130434782,a ʃ b o,4,V,1,FUT,,,,,,,
আসা,আসতিস,V;2;PST;HAB;LGSPEC1,0.0,0.0008364130434782,a s t̪ i ʃ,1,V,2,PST,HAB,LGSPEC1,,,,,
আসা,আসি,V;1;PRS,0.00042,0.0008364130434782,a ʃ i,0,V,1,PRS,,,,,,,
আসা,আসছিলি,V;2;PST;PROG;LGSPEC1,0.0,0.0008364130434782,a s t͡ʃʰ i l i,3,V,2,PST,PROG,LGSPEC1,,,,,
আসা,আসবে,V;2;FUT;POL,0.00155,0.0008364130434782,a ʃ b e,2,V,2,FUT,POL,,,,,,
আসা,আসা,V;V.MSDR,0.002839,0.0008364130434782,a ʃ a,1,V,V.MSDR,,,,,,,,
আসা,আসলাম,V;1;PST,0.000395,0.0008364130434782,a s l a m,0,V,1,PST,,,,,,,
আসা,আসেন,V;3;PRS;POL,0.000886,0.0008364130434782,a ʃ e n,3,V,3,PRS,POL,,,,,,
আসা,আসতেন,V;3;PST;HAB;POL,5.5e-05,0.0008364130434782,a s t̪ e n,3,V,3,PST,HAB,POL,,,,,
আসা,এসেছিলি,V;2;PST;PRF;LGSPEC1,0.0,0.0008364130434782,e ʃ e t͡ʃʰ i l i,4,V,2,PST,PRF,LGSPEC1,,,,,
আসা,আসলে,V;V.PTCP;COND,0.003022,0.0008364130434782,a s l e,0,V,V.PTCP,COND,,,,,,,
আসা,আসছো,V;3;PRS;PROG;INFM,3e-06,0.0008364130434782,a ʃ t͡ʃʰ o,4,V,3,PRS,PROG,INFM,,,,,
আসা,আসতাম,V;1;PST;HAB,7e-06,0.0008364130434782,a s t̪ a m,3,V,1,PST,HAB,,,,,,
আসা,এসেছে,V;2;PRS;PRF;POL,0.001721,0.0008364130434782,e ʃ e t͡ʃʰ e,3,V,2,PRS,PRF,POL,,,,,
আসা,আসছিলে,V;3;PST;PROG;INFM,0.0,0.0008364130434782,a s t͡ʃʰ i l e,0,V,3,PST,PROG,INFM,,,,,
আসা,এসেছিলাম,V;1;PST;PRF,1.5e-05,0.0008364130434782,e ʃ e t͡ʃʰ i l a m,4,V,1,PST,PRF,,,,,,
আসা,আসিস,V;2;PRS;LGSPEC1,3e-06,0.0008364130434782,a ʃ i ʃ,4,V,2,PRS,LGSPEC1,,,,,,
চাটা,চাটলো,V;2;PST;POL,0.0,6.08695652173913e-07,t͡ʃ a ʈ l o,2,V,2,PST,POL,,,,,,
চাটা,চেটেছি,V;1;PRS;PRF,0.0,6.08695652173913e-07,t͡ʃ e t e t͡ʃʰ i,3,V,1,PRS,PRF,,,,,,
চাটা,চাটছিলো,V;2;PST;PROG;POL,0.0,6.08695652173913e-07,t͡ʃ a t t͡ʃʰ i l o,2,V,2,PST,PROG,POL,,,,,
চাটা,চাটছিস,V;2;PRS;PROG;LGSPEC1,0.0,6.08695652173913e-07,t͡ʃ a t s i ʃ,4,V,2,PRS,PROG,LGSPEC1,,,,,
চাটা,চাটলে,V;3;PST;INFM,1e-06,6.08695652173913e-07,t͡ʃ a ʈ l e,2,V,3,PST,INFM,,,,,,
চাটা,চাটতে,V;V.PTCP;PROG,0.0,6.08695652173913e-07,t͡ʃ a ʈ t̪ e,3,V,V.PTCP,PROG,,,,,,,
চাটা,চাটলেন,V;3;PST;POL,0.0,6.08695652173913e-07,t͡ʃ a ʈ l e n,3,V,3,PST,POL,,,,,,
চাটা,চেটেছেন,V;3;PRS;PRF;POL,0.0,6.08695652173913e-07,t͡ʃ e t e t͡ʃʰ e n,0,V,3,PRS,PRF,POL,,,,,
চাটা,চাটবে,V;3;FUT;INFM,0.0,6.08695652173913e-07,t͡ʃ a ʈ b e,4,V,3,FUT,INFM,,,,,,
চাটা,চাটলি,V;2;PST;LGSPEC1,0.0,6.08695652173913e-07,t͡ʃ a ʈ l i,0,V,2,PST,LGSPEC1,,,,,,
চাটা,চেটে,V;V.PTCP;HAB,7e-06,6.08695652173913e-07,t͡ʃ e ʈ e,2,V,V.PTCP,HAB,,,,,,,
চাটা,চেটেছিলেন,V;3;PST;PRF;POL,0.0,6.08695652173913e-07,t͡ʃ e t e t͡ʃʰ i l e n,2,V,3,PST,PRF,POL,,,,,
চাটা,চাটো,V;3;PRS;INFM,0.0,6.08695652173913e-07,t͡ʃ a ʈ o,3,V,3,PRS,INFM,,,,,,
চাটা,চেটেছিস,V;2;PRS;PRF;LGSPEC1,0.0,6.08695652173913e-07,t͡ʃ e t e t͡ʃʰ i ʃ,0,V,2,PRS,PRF,LGSPEC1,,,,,
চাটা,চাটছিলেন,V;3;PST;PROG;POL,0.0,6.08695652173913e-07,t͡ʃ a t t͡ʃʰ i l e n,0,V,3,PST,PROG,POL,,,,,
চাটা,চাটছেন,V;3;PRS;PROG;POL,0.0,6.08695652173913e-07,t͡ʃ a t t͡ʃʰ e n,1,V,3,PRS,PROG,POL,,,,,
চাটা,চাটতে,V;3;PST;HAB;INFM,0.0,6.08695652173913e-07,t͡ʃ a ʈ t̪ e,4,V,3,PST,HAB,INFM,,,,,
চাটা,চাটবি,V;2;FUT;LGSPEC1,0.0,6.08695652173913e-07,t͡ʃ a ʈ b i,1,V,2,FUT,LGSPEC1,,,,,,
চাটা,চাটছিলাম,V;1;PST;PROG,0.0,6.08695652173913e-07,t͡ʃ a t t͡ʃʰ i l a m,2,V,1,PST,PROG,,,,,,
চাটা,চাটছি,V;1;PRS;PROG,0.0,6.08695652173913e-07,t͡ʃ a t s i,1,V,1,PRS,PROG,,,,,,
চাটা,চেটেছিলো,V;2;PST;PRF;POL,0.0,6.08695652173913e-07,t͡ʃ e t e t͡ʃʰ i l o,3,V,2,PST,PRF,POL,,,,,
চাটা,চেটে,V;V.PTCP;PRF,7e-06,6.08695652173913e-07,t͡ʃ e ʈ e,0,V,V.PTCP,PRF,,,,,,,
চাটা,চাটতে,V;V.NFIN,0.0,6.08695652173913e-07,t͡ʃ a ʈ t̪ e,0,V,V.NFIN,,,,,,,,
চাটা,চেটেছো,V;3;PRS;PRF;INFM,0.0,6.08695652173913e-07,t͡ʃ e ʈ e t͡ʃʰ o,2,V,3,PRS,PRF,INFM,,,,,
চাটা,চাটবেন,V;3;FUT;POL,0.0,6.08695652173913e-07,t͡ʃ a ʈ b e n,4,V,3,FUT,POL,,,,,,
চাটা,চাটছে,V;2;PRS;PROG;POL,0.0,6.08695652173913e-07,t͡ʃ a ʈ t͡ʃʰ e,3,V,2,PRS,PROG,POL,,,,,
চাটা,চাটে,V;2;PRS;POL,2e-06,6.08695652173913e-07,t͡ʃ a ʈ e,2,V,2,PRS,POL,,,,,,
চাটা,চাটতো,V;2;PST;HAB;POL,0.0,6.08695652173913e-07,t͡ʃ a ʈ o,2,V,2,PST,HAB,POL,,,,,
চাটা,চেটেছিলে,V;3;PST;PRF;INFM,0.0,6.08695652173913e-07,t͡ʃ e ʈ e t͡ʃʰ i l e,3,V,3,PST,PRF,INFM,,,,,
চাটা,চাটবো,V;1;FUT,0.0,6.08695652173913e-07,t͡ʃ a ʈ b o,3,V,1,FUT,,,,,,,
চাটা,চাটতিস,V;2;PST;HAB;LGSPEC1,0.0,6.08695652173913e-07,t͡ʃ a ʈ t̪ i ʃ,4,V,2,PST,HAB,LGSPEC1,,,,,
চাটা,চাটি,V;1;PRS,3e-06,6.08695652173913e-07,t͡ʃ a ʈ i,0,V,1,PRS,,,,,,,
চাটা,চাটছিলি,V;2;PST;PROG;LGSPEC1,0.0,6.08695652173913e-07,t͡ʃ a t t͡ʃʰ i l i,4,V,2,PST,PROG,LGSPEC1,,,,,
চাটা,চাটবে,V;2;FUT;POL,0.0,6.08695652173913e-07,t͡ʃ a ʈ b e,4,V,2,FUT,POL,,,,,,
চাটা,চাটা,V;V.MSDR,7e-06,6.08695652173913e-07,t͡ʃ a ʈ a,4,V,V.MSDR,,,,,,,,
চাটা,চাটলাম,V;1;PST,0.0,6.08695652173913e-07,t͡ʃ a ʈ l a m,0,V,1,PST,,,,,,,
চাটা,চাটেন,V;3;PRS;POL,0.0,6.08695652173913e-07,t͡ʃ a ʈ e n,1,V,3,PRS,POL,,,,,,
চাটা,চাটতেন,V;3;PST;HAB;POL,0.0,6.08695652173913e-07,t͡ʃ a ʈ t̪ e n,1,V,3,PST,HAB,POL,,,,,
চাটা,চেটেছিলি,V;2;PST;PRF;LGSPEC1,0.0,6.08695652173913e-07,t͡ʃ e t e t͡ʃʰ i l i,0,V,2,PST,PRF,LGSPEC1,,,,,
চাটা,চাটলে,V;V.PTCP;COND,1e-06,6.08695652173913e-07,t͡ʃ a ʈ l e,1,V,V.PTCP,COND,,,,,,,
চাটা,চাটছো,V;3;PRS;PROG;INFM,0.0,6.08695652173913e-07,t͡ʃ a ʈ t͡ʃʰ o,3,V,3,PRS,PROG,INFM,,,,,
চাটা,চাটতাম,V;1;PST;HAB,0.0,6.08695652173913e-07,t͡ʃ a ʈ t̪ a m,4,V,1,PST,HAB,,,,,,
চাটা,চেটেছে,V;2;PRS;PRF;POL,0.0,6.08695652173913e-07,t͡ʃ e ʈ e t͡ʃʰ e,4,V,2,PRS,PRF,POL,,,,,
চাটা,চাটছিলে,V;3;PST;PROG;INFM,0.0,6.08695652173913e-07,t͡ʃ a t t͡ʃʰ i l e,2,V,3,PST,PROG,INFM,,,,,
চাটা,চেটেছিলাম,V;1;PST;PRF,0.0,6.08695652173913e-07,t͡ʃ e t e t͡ʃʰ i l a m,3,V,1,PST,PRF,,,,,,
চাটা,চাটিস,V;2;PRS;LGSPEC1,0.0,6.08695652173913e-07,t͡ʃ a t i ʃ,0,V,2,PRS,LGSPEC1,,,,,,
মারা,মারলো,V;2;PST;POL,0.0,8.47391304347826e-05,m a ɹ l o,4,V,2,PST,POL,,,,,,
মারা,মেরেছি,V;1;PRS;PRF,1e-06,8.47391304347826e-05,m e ɹ e t͡ʃʰ i,0,V,1,PRS,PRF,,,,,,
মারা,মারছিলো,V;2;PST;PROG;POL,0.0,8.47391304347826e-05,m a ɹ t͡ʃʰ i l o,0,V,2,PST,PROG,POL,,,,,
মারা,মারছিস,V;2;PRS;PROG;LGSPEC1,0.0,8.47391304347826e-05,m a ɹ t͡ʃʰ i ʃ,1,V,2,PRS,PROG,LGSPEC1,,,,,
মারা,মারলে,V;3;PST;INFM,2.5e-05,8.47391304347826e-05,m a ɹ l e,1,V,3,PST,INFM,,,,,,
মারা,মারতে,V;V.PTCP;PROG,0.000172,8.47391304347826e-05,m a ɹ t̪ e,3,V,V.PTCP,PROG,,,,,,,
মারা,মারলেন,V;3;PST;POL,9e-06,8.47391304347826e-05,m a ɹ l e n,4,V,3,PST,POL,,,,,,
মারা,মেরেছেন,V;3;PRS;PRF;POL,9e-06,8.47391304347826e-05,m e ɹ e t͡ʃʰ e n,3,V,3,PRS,PRF,POL,,,,,
মারা,মারবে,V;3;FUT;INFM,8e-06,8.47391304347826e-05,m a ɹ b e,2,V,3,FUT,INFM,,,,,,
মারা,মারলি,V;2;PST;LGSPEC1,0.0,8.47391304347826e-05,m a ɹ l i,0,V,2,PST,LGSPEC1,,,,,,
মারা,মেরে,V;V.PTCP;HAB,0.000495,8.47391304347826e-05,m e ɹ e,1,V,V.PTCP,HAB,,,,,,,
মারা,মেরেছিলেন,V;3;PST;PRF;POL,3e-06,8.47391304347826e-05,m e ɹ e t͡ʃʰ i l e n,1,V,3,PST,PRF,POL,,,,,
মারা,মারো,V;3;PRS;INFM,4e-06,8.47391304347826e-05,m a ɹ o,3,V,3,PRS,INFM,,,,,,
মারা,মেরেছিস,V;2;PRS;PRF;LGSPEC1,0.0,8.47391304347826e-05,m e ɹ e t͡ʃʰ i ʃ,2,V,2,PRS,PRF,LGSPEC1,,,,,
মারা,মারছিলেন,V;3;PST;PROG;POL,0.0,8.47391304347826e-05,m a ɹ t͡ʃʰ i l e n,1,V,3,PST,PROG,POL,,,,,
মারা,মারছেন,V;3;PRS;PROG;POL,5e-06,8.47391304347826e-05,m a ɹ t͡ʃʰ e n,1,V,3,PRS,PROG,POL,,,,,
মারা,মারতে,V;3;PST;HAB;INFM,0.000172,8.47391304347826e-05,m a ɹ t̪ e,2,V,3,PST,HAB,INFM,,,,,
মারা,মারবি,V;2;FUT;LGSPEC1,0.0,8.47391304347826e-05,m a ɹ b i,2,V,2,FUT,LGSPEC1,,,,,,
মারা,মারছিলাম,V;1;PST;PROG,0.0,8.47391304347826e-05,m a ɹ t͡ʃʰ i l a m,1,V,1,PST,PROG,,,,,,
মারা,মারছি,V;1;PRS;PROG,1e-06,8.47391304347826e-05,m a ɹ t͡ʃʰ i,0,V,1,PRS,PROG,,,,,,
মারা,মেরেছিলো,V;2;PST;PRF;POL,2e-06,8.47391304347826e-05,m e ɹ e t͡ʃʰ i l o,4,V,2,PST,PRF,POL,,,,,
মারা,মেরে,V;V.PTCP;PRF,0.000495,8.47391304347826e-05,m e ɹ e,3,V,V.PTCP,PRF,,,,,,,
মারা,মারতে,V;V.NFIN,0.000172,8.47391304347826e-05,m a ɹ t̪ e,3,V,V.NFIN,,,,,,,,
মারা,মেরেছো,V;3;PRS;PRF;INFM,1e-06,8.47391304347826e-05,m e ɹ e t͡ʃʰ o,0,V,3,PRS,PRF,INFM,,,,,
মারা,মারবেন,V;3;FUT;POL,8e-06,8.47391304347826e-05,m a ɹ b e n,2,V,3,FUT,POL,,,,,,
মারা,মারছে,V;2;PRS;PROG;POL,2e-05,8.47391304347826e-05,m a ɹ t͡ʃʰ e,4,V,2,PRS,PROG,POL,,,,,
মারা,মারে,V;2;PRS;POL,6e-05,8.47391304347826e-05,m a ɹ e,0,V,2,PRS,POL,,,,,,
মারা,মারতো,V;2;PST;HAB;POL,0.0,8.47391304347826e-05,m a ɹ o t̪ o,3,V,2,PST,HAB,POL,,,,,
মারা,মেরেছিলে,V;3;PST;PRF;INFM,0.0,8.47391304347826e-05,m e ɹ e t͡ʃʰ i l e,0,V,3,PST,PRF,INFM,,,,,
মারা,মারবো,V;1;FUT,3e-06,8.47391304347826e-05,m a ɹ b o,4,V,1,FUT,,,,,,,
মারা,মারতিস,V;2;PST;HAB;LGSPEC1,0.0,8.47391304347826e-05,m a ɹ t̪ i ʃ,0,V,2,PST,HAB,LGSPEC1,,,,,
মারা,মারি,V;1;PRS,2.4e-05,8.47391304347826e-05,m a ɹ i,3,V,1,PRS,,,,,,,
মারা,মারছিলি,V;2;PST;PROG;LGSPEC1,0.0,8.47391304347826e-05,m a ɹ t͡ʃʰ i l i,3,V,2,PST,PROG,LGSPEC1,,,,,
মারা,মারবে,V;2;FUT;POL,8e-06,8.47391304347826e-05,m a ɹ b e,1,V,2,FUT,POL,,,,,,
মারা,মারা,V;V.MSDR,0.002117,8.47391304347826e-05,m a ɹ a,4,V,V.MSDR,,,,,,,,
মারা,মারলাম,V;1;PST,9e-06,8.47391304347826e-05,m a ɹ l a m,2,V,1,PST,,,,,,,
মারা,মারেন,V;3;PRS;POL,2.7e-05,8.47391304347826e-05,m a ɹ e n,2,V,3,PRS,POL,,,,,,
মারা,মারতেন,V;3;PST;HAB;POL,0.0,8.47391304347826e-05,m a ɹ t̪ e n,3,V,3,PST,HAB,POL,,,,,
মারা,মেরেছিলি,V;2;PST;PRF;LGSPEC1,0.0,8.47391304347826e-05,m e ɹ e t͡ʃʰ i l i,3,V,2,PST,PRF,LGSPEC1,,,,,
মারা,মারলে,V;V.PTCP;COND,2.5e-05,8.47391304347826e-05,m a ɹ l e,2,V,V.PTCP,COND,,,,,,,
মারা,মারছো,V;3;PRS;PROG;INFM,1e-06,8.47391304347826e-05,m a ɹ o t͡ʃʰ o,3,V,3,PRS,PROG,INFM,,,,,
মারা,মারতাম,V;1;PST;HAB,1e-06,8.47391304347826e-05,m a ɹ t̪ a m,1,V,1,PST,HAB,,,,,,
মারা,মেরেছে,V;2;PRS;PRF;POL,2e-05,8.47391304347826e-05,m e ɹ e t͡ʃʰ e,2,V,2,PRS,PRF,POL,,,,,
মারা,মারছিলে,V;3;PST;PROG;INFM,0.0,8.47391304347826e-05,m a ɹ t͡ʃʰ i l e,4,V,3,PST,PROG,INFM,,,,,
মারা,মেরেছিলাম,V;1;PST;PRF,1e-06,8.47391304347826e-05,m e ɹ e t͡ʃʰ i l a m,1,V,1,PST,PRF,,,,,,
মারা,মারিস,V;2;PRS;LGSPEC1,0.0,8.47391304347826e-05,m a ɹ i ʃ,4,V,2,PRS,LGSPEC1,,,,,,
টাইপ করা,টাইপ করলো,V;2;PST;POL,0.0,0.0,t a i̯ p o k ɔ ɹ l o,2,V,2,PST,POL,,,,,,
টাইপ করা,টাইপ করেছি,V;1;PRS;PRF,0.0,0.0,t a i̯ p o k ɔ ɹ e t͡ʃʰ i,0,V,1,PRS,PRF,,,,,,
টাইপ করা,টাইপ করছিলো,V;2;PST;PROG;POL,0.0,0.0,t a i̯ p o k ɔ ɹ t͡ʃʰ i l o,4,V,2,PST,PROG,POL,,,,,
টাইপ করা,টাইপ করছিস,V;2;PRS;PROG;LGSPEC1,0.0,0.0,t a i̯ p o k ɔ ɹ t͡ʃʰ i ʃ,3,V,2,PRS,PROG,LGSPEC1,,,,,
টাইপ করা,টাইপ করলে,V;3;PST;INFM,0.0,0.0,t a i̯ p o k ɔ ɹ l e,0,V,3,PST,INFM,,,,,,
টাইপ করা,টাইপ করতেকরতে,V;V.PTCP;PROG,0.0,0.0,t a i̯ p o k ɔ ɹ t̪ e k ɔ ɹ o t̪ e,4,V,V.PTCP,PROG,,,,,,,
টাইপ করা,টাইপ করলেন,V;3;PST;POL,0.0,0.0,t a i̯ p o k ɔ ɹ l e n,1,V,3,PST,POL,,,,,,
টাইপ করা,টাইপ করেছেন,V;3;PRS;PRF;POL,0.0,0.0,t a i̯ p o k ɹ e t͡ʃʰ e n,0,V,3,PRS,PRF,POL,,,,,
টাইপ করা,টাইপ করবে,V;3;FUT;INFM,0.0,0.0,t a i̯ p o k ɔ ɹ b e,1,V,3,FUT,INFM,,,,,,
টাইপ করা,টাইপ করলি,V;2;PST;LGSPEC1,0.0,0.0,t a i̯ p o k ɔ ɹ l i,4,V,2,PST,LGSPEC1,,,,,,
টাইপ করা,টাইপ করেকরে,V;V.PTCP;HAB,0.0,0.0,t a i̯ p o k ɹ e k ɔ ɹ e,0,V,V.PTCP,HAB,,,,,,,
টাইপ করা,টাইপ করেছিলেন,V;3;PST;PRF;POL,0.0,0.0,t a i̯ p o k ɔ ɹ e t͡ʃʰ i l e n,4,V,3,PST,PRF,POL,,,,,
টাইপ করা,টাইপ করো,V;3;PRS;INFM,0.0,0.0,t a i̯ p k o ɹ o,3,V,3,PRS,INFM,,,,,,
টাইপ করা,টাইপ করেছিস,V;2;PRS;PRF;LGSPEC1,0.0,0.0,t a i̯ p o k ɹ e t͡ʃʰ i ʃ,2,V,2,PRS,PRF,LGSPEC1,,,,,
টাইপ করা,টাইপ করছিলেন,V;3;PST;PROG;POL,0.0,0.0,t a i̯ p o k ɔ ɹ t͡ʃʰ i l e n,1,V,3,PST,PROG,POL,,,,,
টাইপ করা,টাইপ করছেন,V;3;PRS;PROG;POL,0.0,0.0,t a i̯ p o k ɔ ɹ t͡ʃʰ e n,1,V,3,PRS,PROG,POL,,,,,
টাইপ করা,টাইপ করতে,V;3;PST;HAB;INFM,0.0,0.0,t a i̯ p o k ɔ ɹ o t̪ e,2,V,3,PST,HAB,INFM,,,,,
টাইপ করা,টাইপ করবি,V;2;FUT;LGSPEC1,0.0,0.0,t a i̯ p o k ɔ ɹ b i,0,V,2,FUT,LGSPEC1,,,,,,
টাইপ করা,টাইপ করছিলাম,V;1;PST;PROG,0.0,0.0,t a i̯ p o k ɔ ɹ t͡ʃʰ i l a m,0,V,1,PST,PROG,,,,,,
টাইপ করা,টাইপ করছি,V;1;PRS;PROG,0.0,0.0,t a i̯ p o k ɔ ɹ t͡ʃʰ i,0,V,1,PRS,PROG,,,,,,
টাইপ করা,টাইপ করেছিলো,V;2;PST;PRF;POL,0.0,0.0,t a i̯ p o k ɔ ɹ e t͡ʃʰ i l o,0,V,2,PST,PRF,POL,,,,,
টাইপ করা,টাইপ করে,V;V.PTCP;PRF,0.0,0.0,t a i̯ p k ɔ ɹ e,2,V,V.PTCP,PRF,,,,,,,
টাইপ করা,টাইপ করতে,V;V.NFIN,0.0,0.0,t a i̯ p o k ɔ ɹ o t̪ e,3,V,V.NFIN,,,,,,,,
টাইপ করা,টাইপ করেছো,V;3;PRS;PRF;INFM,0.0,0.0,t a i̯ p o k ɹ e t͡ʃʰ o,2,V,3,PRS,PRF,INFM,,,,,
টাইপ করা,টাইপ করবেন,V;3;FUT;POL,0.0,0.0,t a i̯ p o k ɔ ɹ b e n,1,V,3,FUT,POL,,,,,,
টাইপ করা,টাইপ করছে,V;2;PRS;PROG;POL,0.0,0.0,t a i̯ p o k ɔ ɹ t͡ʃʰ e,0,V,2,PRS,PROG,POL,,,,,
টাইপ করা,টাইপ করে,V;2;PRS;POL,0.0,0.0,t a i̯ p k ɔ ɹ e,1,V,2,PRS,POL,,,,,,
টাইপ করা,টাইপ করতো,V;2;PST;HAB;POL,0.0,0.0,t a i̯ p o k ɔ ɹ o t̪ o,2,V,2,PST,HAB,POL,,,,,
টাইপ করা,টাইপ করেছিলে,V;3;PST;PRF;INFM,0.0,0.0,t a i̯ p o k ɔ ɹ e t͡ʃʰ i l e,3,V,3,PST,PRF,INFM,,,,,
টাইপ করা,টাইপ করবো,V;1;FUT,0.0,0.0,t a i̯ p o k ɔ ɹ b o,0,V,1,FUT,,,,,,,
টাইপ করা,টাইপ করতিস,V;2;PST;HAB;LGSPEC1,0.0,0.0,t a i̯ p o k ɔ ɹ o t̪ i ʃ,2,V,2,PST,HAB,LGSPEC1,,,,,
টাইপ করা,টাইপ করি,V;1;PRS,0.0,0.0,t a i̯ p k ɔ ɹ i,1,V,1,PRS,,,,,,,
টাইপ করা,টাইপ করছিলি,V;2;PST;PROG;LGSPEC1,0.0,0.0,t a i̯ p o k ɔ ɹ t͡ʃʰ i l i,0,V,2,PST,PROG,LGSPEC1,,,,,
টাইপ করা,টাইপ করবে,V;2;FUT;POL,0.0,0.0,t a i̯ p o k ɔ ɹ b e,2,V,2,FUT,POL,,,,,,
টাইপ করা,টাইপ করা,V;V.MSDR,0.0,0.0,t a i̯ p o k ɔ ɹ a,3,V,V.MSDR,,,,,,,,
টাইপ করা,টাইপ করলাম,V;1;PST,0.0,0.0,t a i̯ p o k ɔ ɹ l a m,1,V,1,PST,,,,,,,
টাইপ করা,টাইপ করেন,V;3;PRS;POL,0.0,0.0,t a i̯ p o k ɹ e n,2,V,3,PRS,POL,,,,,,
টাইপ করা,টাইপ করতেন,V;3;PST;HAB;POL,0.0,0.0,t a i̯ p o k ɔ ɹ t̪ e n,1,V,3,PST,HAB,POL,,,,,
টাইপ করা,টাইপ করেছিলি,V;2;PST;PRF;LGSPEC1,0.0,0.0,t a i̯ p o k ɔ ɹ e t͡ʃʰ i l i,2,V,2,PST,PRF,LGSPEC1,,,,,
টাইপ করা,টাইপ করলে,V;V.PTCP;COND,0.0,0.0,t a i̯ p o k ɔ ɹ l e,4,V,V.PTCP,COND,,,,,,,
টাইপ করা,টাইপ করছো,V;3;PRS;PROG;INFM,0.0,0.0,t a i̯ p o k ɔ ɹ o t͡ʃʰ o,0,V,3,PRS,PROG,INFM,,,,,
টাইপ করা,টাইপ করতাম,V;1;PST;HAB,0.0,0.0,t a i̯ p o k ɔ ɹ t̪ a m,3,V,1,PST,HAB,,,,,,
টাইপ করা,টাইপ করেছে,V;2;PRS;PRF;POL,0.0,0.0,t a i̯ p o k ɔ ɹ e t͡ʃʰ e,1,V,2,PRS,PRF,POL,,,,,
টাইপ করা,টাইপ করছিলে,V;3;PST;PROG;INFM,0.0,0.0,t a i̯ p o k ɔ ɹ t͡ʃʰ i l e,1,V,3,PST,PROG,INFM,,,,,
টাইপ করা,টাইপ করেছিলাম,V;1;PST;PRF,0.0,0.0,t a i̯ p o k ɹ e t͡ʃʰ i l a m,4,V,1,PST,PRF,,,,,,
টাইপ করা,টাইপ করিস,V;2;PRS;LGSPEC1,0.0,0.0,t a i̯ p o k ɔ ɹ i ʃ,0,V,2,PRS,LGSPEC1,,,,,,
চেষ্টা করা,চেষ্টা করলো,V;2;PST;POL,0.0,0.0,t͡ʃ e ʃ ʈ a k ɔ ɹ l o,0,V,2,PST,POL,,,,,,
চেষ্টা করা,চেষ্টা করেছি,V;1;PRS;PRF,0.0,0.0,t͡ʃ e ʃ ʈ a k ɔ ɹ e t͡ʃʰ i,4,V,1,PRS,PRF,,,,,,
চেষ্টা করা,চেষ্টা করছিলো,V;2;PST;PROG;POL,0.0,0.0,t͡ʃ e ʃ ʈ a k ɔ ɹ t͡ʃʰ i l o,2,V,2,PST,PROG,POL,,,,,
চেষ্টা করা,চেষ্টা করছিস,V;2;PRS;PROG;LGSPEC1,0.0,0.0,t͡ʃ e ʃ ʈ a k ɔ ɹ t͡ʃʰ i ʃ,0,V,2,PRS,PROG,LGSPEC1,,,,,
চেষ্টা করা,চেষ্টা করলে,V;3;PST;INFM,0.0,0.0,t͡ʃ e ʃ ʈ a k ɔ ɹ l e,3,V,3,PST,INFM,,,,,,
চেষ্টা করা,চেষ্টা করতেকরতে,V;V.PTCP;PROG,0.0,0.0,t͡ʃ e ʃ ʈ a k ɔ ɹ t̪ e k ɔ ɹ ɔ t̪ e,1,V,V.PTCP,PROG,,,,,,,
চেষ্টা করা,চেষ্টা করলেন,V;3;PST;POL,0.0,0.0,t͡ʃ e ʃ ʈ a k ɔ ɹ l e n,0,V,3,PST,POL,,,,,,
চেষ্টা করা,চেষ্টা করেছেন,V;3;PRS;PRF;POL,0.0,0.0,t͡ʃ e ʃ ʈ a k ɔ ɹ e t͡ʃʰ e n,0,V,3,PRS,PRF,POL,,,,,
চেষ্টা করা,চেষ্টা করবে,V;3;FUT;INFM,0.0,0.0,t͡ʃ e ʃ ʈ a k ɔ ɹ b e,4,V,3,FUT,INFM,,,,,,
চেষ্টা করা,চেষ্টা করলি,V;2;PST;LGSPEC1,0.0,0.0,t͡ʃ e ʃ ʈ a k ɔ ɹ o l i,1,V,2,PST,LGSPEC1,,,,,,
চেষ্টা করা,চেষ্টা করেকরে,V;V.PTCP;HAB,0.0,0.0,t͡ʃ e ʃ ʈ a k ɔ ɹ e k ɔ ɹ e,3,V,V.PTCP,HAB,,,,,,,
চেষ্টা করা,চেষ্টা করেছিলেন,V;3;PST;PRF;POL,0.0,0.0,t͡ʃ e ʃ ʈ a k ɔ ɹ e t͡ʃʰ i l e n,2,V,3,PST,PRF,POL,,,,,
চেষ্টা করা,চেষ্টা করো,V;3;PRS;INFM,0.0,0.0,t͡ʃ e ʃ ʈ a k ɔ ɹ o,4,V,3,PRS,INFM,,,,,,
চেষ্টা করা,চেষ্টা করেছিস,V;2;PRS;PRF;LGSPEC1,0.0,0.0,t͡ʃ e ʃ ʈ a k ɔ ɹ e t͡ʃʰ i ʃ,2,V,2,PRS,PRF,LGSPEC1,,,,,
চেষ্টা করা,চেষ্টা করছিলেন,V;3;PST;PROG;POL,0.0,0.0,t͡ʃ e ʃ ʈ a k ɔ ɹ t͡ʃʰ i l e n,2,V,3,PST,PROG,POL,,,,,
চেষ্টা করা,চেষ্টা করছেন,V;3;PRS;PROG;POL,0.0,0.0,t͡ʃ e ʃ ʈ a k ɔ ɹ t͡ʃʰ e n,2,V,3,PRS,PROG,POL,,,,,
চেষ্টা করা,চেষ্টা করতে,V;3;PST;HAB;INFM,0.0,0.0,t͡ʃ e ʃ ʈ a k ɔ ɹ o t̪ e,0,V,3,PST,HAB,INFM,,,,,
চেষ্টা করা,চেষ্টা করবি,V;2;FUT;LGSPEC1,0.0,0.0,t͡ʃ e ʃ ʈ a k ɔ ɹ o b i,4,V,2,FUT,LGSPEC1,,,,,,
চেষ্টা করা,চেষ্টা করছিলাম,V;1;PST;PROG,0.0,0.0,t͡ʃ e ʃ ʈ a k ɔ ɹ t͡ʃʰ i l a m,0,V,1,PST,PROG,,,,,,
চেষ্টা করা,চেষ্টা করছি,V;1;PRS;PROG,0.0,0.0,t͡ʃ e ʃ ʈ a k ɔ ɹ o t͡ʃʰ i,3,V,1,PRS,PROG,,,,,,
চেষ্টা করা,চেষ্টা করেছিলো,V;2;PST;PRF;POL,0.0,0.0,t͡ʃ e ʃ ʈ a k ɔ ɹ e t͡ʃʰ i l o,0,V,2,PST,PRF,POL,,,,,
চেষ্টা করা,চেষ্টা করে,V;V.PTCP;PRF,0.0,0.0,t͡ʃ e ʃ ʈ a k ɔ ɹ e,3,V,V.PTCP,PRF,,,,,,,
চেষ্টা করা,চেষ্টা করতে,V;V.NFIN,0.0,0.0,t͡ʃ e ʃ ʈ a k ɔ ɹ o t̪ e,2,V,V.NFIN,,,,,,,,
চেষ্টা করা,চেষ্টা করেছো,V;3;PRS;PRF;INFM,0.0,0.0,t͡ʃ e ʃ ʈ a k ɔ ɹ e t͡ʃʰ o,3,V,3,PRS,PRF,INFM,,,,,
চেষ্টা করা,চেষ্টা করবেন,V;3;FUT;POL,0.0,0.0,t͡ʃ e ʃ ʈ a k ɔ ɹ b e n,2,V,3,FUT,POL,,,,,,
চেষ্টা করা,চেষ্টা করছে,V;2;PRS;PROG;POL,0.0,0.0,t͡ʃ e ʃ ʈ a k ɔ ɹ o t͡ʃʰ e,3,V,2,PRS,PROG,POL,,,,,
চেষ্টা করা,চেষ্টা করে,V;2;PRS;POL,0.0,0.0,t͡ʃ e ʃ ʈ a k ɔ ɹ e,0,V,2,PRS,POL,,,,,,
চেষ্টা করা,চেষ্টা করতো,V;2;PST;HAB;POL,0.0,0.0,t͡ʃ e ʃ ʈ a k ɔ ɹ o t̪ o,4,V,2,PST,HAB,POL,,,,,
চেষ্টা করা,চেষ্টা করেছিলে,V;3;PST;PRF;INFM,0.0,0.0,t͡ʃ e ʃ ʈ a k ɔ ɹ e t͡ʃʰ i l e,0,V,3,PST,PRF,INFM,,,,,
চেষ্টা করা,চেষ্টা করবো,V;1;FUT,0.0,0.0,t͡ʃ e ʃ ʈ a k ɔ ɹ o b o,0,V,1,FUT,,,,,,,
চেষ্টা করা,চেষ্টা করতিস,V;2;PST;HAB;LGSPEC1,0.0,0.0,t͡ʃ e ʃ ʈ a k ɔ ɹ o t̪ i ʃ,3,V,2,PST,HAB,LGSPEC1,,,,,
চেষ্টা করা,চেষ্টা করি,V;1;PRS,0.0,0.0,t͡ʃ e ʃ ʈ a k ɔ ɹ i,0,V,1,PRS,,,,,,,
চেষ্টা করা,চেষ্টা করছিলি,V;2;PST;PROG;LGSPEC1,0.0,0.0,t͡ʃ e ʃ ʈ a k ɔ ɹ t͡ʃʰ i l i,3,V,2,PST,PROG,LGSPEC1,,,,,
চেষ্টা করা,চেষ্টা করবে,V;2;FUT;POL,0.0,0.0,t͡ʃ e ʃ ʈ a k ɔ ɹ b e,2,V,2,FUT,POL,,,,,,
চেষ্টা করা,চেষ্টা করা,V;V.MSDR,0.0,0.0,t͡ʃ e ʃ ʈ a k ɔ ɹ a,3,V,V.MSDR,,,,,,,,
চেষ্টা করা,চেষ্টা করলাম,V;1;PST,0.0,0.0,t͡ʃ e ʃ ʈ a k ɔ ɹ l a m,0,V,1,PST,,,,,,,
চেষ্টা করা,চেষ্টা করেন,V;3;PRS;POL,0.0,0.0,t͡ʃ e ʃ ʈ a k ɔ ɹ e n,2,V,3,PRS,POL,,,,,,
চেষ্টা করা,চেষ্টা করতেন,V;3;PST;HAB;POL,0.0,0.0,t͡ʃ e ʃ ʈ a k ɔ ɹ t̪ e n,2,V,3,PST,HAB,POL,,,,,
চেষ্টা করা,চেষ্টা করেছিলি,V;2;PST;PRF;LGSPEC1,0.0,0.0,t͡ʃ e ʃ ʈ a k ɔ ɹ e t͡ʃʰ i l i,0,V,2,PST,PRF,LGSPEC1,,,,,
চেষ্টা করা,চেষ্টা করলে,V;V.PTCP;COND,0.0,0.0,t͡ʃ e ʃ ʈ a k ɔ ɹ l e,2,V,V.PTCP,COND,,,,,,,
চেষ্টা করা,চেষ্টা করছো,V;3;PRS;PROG;INFM,0.0,0.0,t͡ʃ e ʃ ʈ a k ɔ ɹ o t͡ʃʰ o,3,V,3,PRS,PROG,INFM,,,,,
চেষ্টা করা,চেষ্টা করতাম,V;1;PST;HAB,0.0,0.0,t͡ʃ e ʃ ʈ a k ɔ ɹ t̪ a m,3,V,1,PST,HAB,,,,,,
চেষ্টা করা,চেষ্টা করেছে,V;2;PRS;PRF;POL,0.0,0.0,t͡ʃ e ʃ ʈ a k ɔ ɹ e t͡ʃʰ e,3,V,2,PRS,PRF,POL,,,,,
চেষ্টা করা,চেষ্টা করছিলে,V;3;PST;PROG;INFM,0.0,0.0,t͡ʃ e ʃ ʈ a k ɔ ɹ t͡ʃʰ i l e,1,V,3,PST,PROG,INFM,,,,,
চেষ্টা করা,চেষ্টা করেছিলাম,V;1;PST;PRF,0.0,0.0,t͡ʃ e ʃ ʈ a k ɔ ɹ e t͡ʃʰ i l a m,2,V,1,PST,PRF,,,,,,
চেষ্টা করা,চেষ্টা করিস,V;2;PRS;LGSPEC1,0.0,0.0,t͡ʃ e ʃ ʈ a k ɔ ɹ i ʃ,2,V,2,PRS,LGSPEC1,,,,,,
দেখানো,দেখালো,V;2;PST;POL,8e-06,8.280434782608696e-05,d̪ e kʰ a l o,0,V,2,PST,POL,,,,,,
দেখানো,দেখিয়েছি,V;1;PRS;PRF,1e-06,8.280434782608696e-05,d̪ e kʰ i̯ e s i,3,V,1,PRS,PRF,,,,,,
দেখানো,দেখাচ্ছিলো,V;2;PST;PROG;POL,0.0,8.280434782608696e-05,d̪ e kʰ a t͡ʃʰː i l o,4,V,2,PST,PROG,POL,,,,,
দেখানো,দেখাচ্ছিস,V;2;PRS;PROG;LGSPEC1,0.0,8.280434782608696e-05,d̪ e kʰ a t͡ʃʰː i ʃ,2,V,2,PRS,PROG,LGSPEC1,,,,,
দেখানো,দেখালে,V;3;PST;INFM,4.8e-05,8.280434782608696e-05,d̪ e kʰ a l e,3,V,3,PST,INFM,,,,,,
দেখানো,দেখাতে,V;V.PTCP;PROG,0.0005,8.280434782608696e-05,d̪ e kʰ a t̪ e,4,V,V.PTCP,PROG,,,,,,,
দেখানো,দেখালেন,V;3;PST;POL,3.4e-05,8.280434782608696e-05,d̪ e kʰ a l e n,1,V,3,PST,POL,,,,,,
দেখানো,দেখিয়েছেন,V;3;PRS;PRF;POL,1e-05,8.280434782608696e-05,d̪ e kʰ i̯ e t͡ʃʰ e n,2,V,3,PRS,PRF,POL,,,,,
দেখানো,দেখাবে,V;3;FUT;INFM,0.000201,8.280434782608696e-05,d̪ e kʰ a b e,1,V,3,FUT,INFM,,,,,,
দেখানো,দেখালি,V;2;PST;LGSPEC1,0.0,8.280434782608696e-05,d̪ e kʰ a l i,1,V,2,PST,LGSPEC1,,,,,,
দেখানো,দেখায়,V;V.PTCP;HAB,4.2e-05,8.280434782608696e-05,d̪ e kʰ a e̯,4,V,V.PTCP,HAB,,,,,,,
দেখানো,দেখিয়েছিলেন,V;3;PST;PRF;POL,1e-06,8.280434782608696e-05,d̪ e kʰ i̯ e t͡ʃʰ i l e n,2,V,3,PST,PRF,POL,,,,,
দেখানো,দেখাও,V;3;PRS;INFM,4.2e-05,8.280434782608696e-05,d̪ e kʰ a o̯,2,V,3,PRS,INFM,,,,,,
দেখানো,দেখিয়েছিস,V;2;PRS;PRF;LGSPEC1,0.0,8.280434782608696e-05,d̪ e kʰ i̯ e t͡ʃʰ i ʃ,1,V,2,PRS,PRF,LGSPEC1,,,,,
দেখানো,দেখাচ্ছিলেন,V;3;PST;PROG;POL,2e-06,8.280434782608696e-05,d̪ e kʰ a t͡ʃʰː i l e n,2,V,3,PST,PROG,POL,,,,,
দেখানো,দেখাচ্ছেন,V;3;PRS;PROG;POL,1.3e-05,8.280434782608696e-05,d̪ e kʰ a t͡ʃʰː e n,3,V,3,PRS,PROG,POL,,,,,
দেখানো,দেখাতে,V;3;PST;HAB;INFM,0.0005,8.280434782608696e-05,d̪ e kʰ a t̪ e,1,V,3,PST,HAB,INFM,,,,,
দেখানো,দেখাবি,V;2;FUT;LGSPEC1,0.0,8.280434782608696e-05,d̪ e kʰ a b i,1,V,2,FUT,LGSPEC1,,,,,,
দেখানো,দেখাচ্ছিলাম,V;1;PST;PROG,0.0,8.280434782608696e-05,d̪ e kʰ a t͡ʃʰː i l a m,4,V,1,PST,PROG,,,,,,
দেখানো,দেখাচ্ছি,V;1;PRS;PROG,1.6e-05,8.280434782608696e-05,d̪ e kʰ a t͡ʃʰː i,0,V,1,PRS,PROG,,,,,,
দেখানো,দেখিয়েছিলো,V;2;PST;PRF;POL,0.0,8.280434782608696e-05,d̪ e kʰ i̯ e t͡ʃʰ i l o,3,V,2,PST,PRF,POL,,,,,
দেখানো,দেখায়,V;V.PTCP;PRF,4.2e-05,8.280434782608696e-05,d̪ e kʰ a e̯,2,V,V.PTCP,PRF,,,,,,,
দেখানো,দেখাতে,V;V.NFIN,0.0005,8.280434782608696e-05,d̪ e kʰ a t̪ e,1,V,V.NFIN,,,,,,,,
দেখানো,দেখিয়েছো,V;3;PRS;PRF;INFM,0.0,8.280434782608696e-05,d̪ e kʰ i̯ e s o,4,V,3,PRS,PRF,INFM,,,,,
দেখানো,দেখাবেন,V;3;FUT;POL,4e-05,8.280434782608696e-05,d̪ e kʰ a b e n,0,V,3,FUT,POL,,,,,,
দেখানো,দেখাচ্ছে,V;2;PRS;PROG;POL,0.000275,8.280434782608696e-05,d̪ e kʰ a t͡ʃʰː e,4,V,2,PRS,PROG,POL,,,,,
দেখানো,দেখায়,V;2;PRS;POL,4.2e-05,8.280434782608696e-05,d̪ e kʰ a e̯,1,V,2,PRS,POL,,,,,,
দেখানো,দেখাতো,V;2;PST;HAB;POL,1e-05,8.280434782608696e-05,d̪ e kʰ a t̪ o,3,V,2,PST,HAB,POL,,,,,
দেখানো,দেখিয়েছিলে,V;3;PST;PRF;INFM,0.0,8.280434782608696e-05,d̪ e kʰ i̯ e t͡ʃʰ i l e,2,V,3,PST,PRF,INFM,,,,,
দেখানো,দেখাবো,V;1;FUT,0.000279,8.280434782608696e-05,d̪ e kʰ a b o,3,V,1,FUT,,,,,,,
দেখানো,দেখাতিস,V;2;PST;HAB;LGSPEC1,0.0,8.280434782608696e-05,d̪ e kʰ a t̪ i ʃ,3,V,2,PST,HAB,LGSPEC1,,,,,
দেখানো,দেখাই,V;1;PRS,4.6e-05,8.280434782608696e-05,d̪ e kʰ a i̯,0,V,1,PRS,,,,,,,
দেখানো,দেখাচ্ছিলি,V;2;PST;PROG;LGSPEC1,0.0,8.280434782608696e-05,d̪ e kʰ a t͡ʃʰː i l i,0,V,2,PST,PROG,LGSPEC1,,,,,
দেখানো,দেখাবে,V;2;FUT;POL,0.000201,8.280434782608696e-05,d̪ e kʰ a b e,0,V,2,FUT,POL,,,,,,
দেখানো,দেখানো,V;V.MSDR,0.000746,8.280434782608696e-05,d̪ e kʰ a n o,3,V,V.MSDR,,,,,,,,
দেখানো,দেখালাম,V;1;PST,1.2e-05,8.280434782608696e-05,d̪ e kʰ a l a m,0,V,1,PST,,,,,,,
দেখানো,দেখান,V;3;PRS;POL,0.000131,8.280434782608696e-05,d̪ e kʰ a n,1,V,3,PRS,POL,,,,,,
দেখানো,দেখাতেন,V;3;PST;HAB;POL,8e-06,8.280434782608696e-05,d̪ e kʰ a t̪ e n,2,V,3,PST,HAB,POL,,,,,
দেখানো,দেখিয়েছিলি,V;2;PST;PRF;LGSPEC1,0.0,8.280434782608696e-05,d̪ e kʰ i̯ e t͡ʃʰ i l i,2,V,2,PST,PRF,LGSPEC1,,,,,
দেখানো,দেখালে,V;V.PTCP;COND,4.8e-05,8.280434782608696e-05,d̪ e kʰ a l e,3,V,V.PTCP,COND,,,,,,,
দেখানো,দেখাচ্ছো,V;3;PRS;PROG;INFM,0.0,8.280434782608696e-05,d̪ e kʰ a t͡ʃʰː o,1,V,3,PRS,PROG,INFM,,,,,
দেখানো,দেখাতাম,V;1;PST;HAB,0.0,8.280434782608696e-05,d̪ e kʰ a t̪ a m,1,V,1,PST,HAB,,,,,,
দেখানো,দেখিয়েছে,V;2;PRS;PRF;POL,9e-06,8.280434782608696e-05,d̪ e kʰ i̯ e s e,1,V,2,PRS,PRF,POL,,,,,
দেখানো,দেখাচ্ছিলে,V;3;PST;PROG;INFM,0.0,8.280434782608696e-05,d̪ e kʰ a t͡ʃʰː i l e,1,V,3,PST,PROG,INFM,,,,,
দেখানো,দেখিয়েছিলাম,V;1;PST;PRF,2e-06,8.280434782608696e-05,d̪ e kʰ i̯ e t͡ʃʰ i l a m,4,V,1,PST,PRF,,,,,,
দেখানো,দেখাস,V;2;PRS;LGSPEC1,0.0,8.280434782608696e-05,d̪ e kʰ a ʃ,2,V,2,PRS,LGSPEC1,,,,,,
অনুরোধ করা,অনুরোধ করলো,V;2;PST;POL,0.0,0.0,o n u ɹ o d̪ʱ o k ɔ r o l o,2,V,2,PST,POL,,,,,,
অনুরোধ করা,অনুরোধ করেছি,V;1;PRS;PRF,0.0,0.0,o n u ɹ o d̪ʱ o k ɔ ɹ e t͡ʃʰ i,1,V,1,PRS,PRF,,,,,,
অনুরোধ করা,অনুরোধ করছিলো,V;2;PST;PROG;POL,0.0,0.0,o n u ɹ o d̪ʱ o k ɔ ɹ t͡ʃʰ i l o,3,V,2,PST,PROG,POL,,,,,
অনুরোধ করা,অনুরোধ করছিস,V;2;PRS;PROG;LGSPEC1,0.0,0.0,o n u ɹ o d̪ʱ o k ɔ ɹ t͡ʃʰ i ʃ,4,V,2,PRS,PROG,LGSPEC1,,,,,
অনুরোধ করা,অনুরোধ করলে,V;3;PST;INFM,0.0,0.0,ɔ n u ɹ o d̪ʱ o k ɔ ɹ l e,1,V,3,PST,INFM,,,,,,
অনুরোধ করা,অনুরোধ করতেকরতে,V;V.PTCP;PROG,0.0,0.0,o n u ɹ o d̪ʱ o k o ɹ t̪ e k ɔ r o t̪ e,4,V,V.PTCP,PROG,,,,,,,
অনুরোধ করা,অনুরোধ করলেন,V;3;PST;POL,0.0,0.0,ɔ n u ɹ o d̪ʱ o k ɔ ɹ l e n,2,V,3,PST,POL,,,,,,
অনুরোধ করা,অনুরোধ করেছেন,V;3;PRS;PRF;POL,0.0,0.0,ɔ n u ɹ o d̪ʱ o k ɔ ɹ e t͡ʃʰ e n,4,V,3,PRS,PRF,POL,,,,,
অনুরোধ করা,অনুরোধ করবে,V;3;FUT;INFM,0.0,0.0,ɔ n u ɹ o d̪ʱ o k ɔ ɹ b e,1,V,3,FUT,INFM,,,,,,
অনুরোধ করা,অনুরোধ করলি,V;2;PST;LGSPEC1,0.0,0.0,o n u ɹ o d̪ʱ o k ɔ r o l i,3,V,2,PST,LGSPEC1,,,,,,
অনুরোধ করা,অনুরোধ করেকরে,V;V.PTCP;HAB,0.0,0.0,o n u ɹ o d̪ʱ o k ɔ ɹ e k ɔ ɹ e,0,V,V.PTCP,HAB,,,,,,,
অনুরোধ করা,অনুরোধ করেছিলেন,V;3;PST;PRF;POL,0.0,0.0,o n u ɹ o d̪ʱ o k ɔ ɹ e t͡ʃʰ i l e n,1,V,3,PST,PRF,POL,,,,,
অনুরোধ করা,অনুরোধ করো,V;3;PRS;INFM,0.0,0.0,ɔ n u ɹ o d̪ʱ o k ɔ ɹ o,4,V,3,PRS,INFM,,,,,,
অনুরোধ করা,অনুরোধ করেছিস,V;2;PRS;PRF;LGSPEC1,0.0,0.0,o n u ɹ o d̪ʱ o k ɔ ɹ e t͡ʃʰ i ʃ,0,V,2,PRS,PRF,LGSPEC1,,,,,
অনুরোধ করা,অনুরোধ করছিলেন,V;3;PST;PROG;POL,0.0,0.0,o n u ɹ o d̪ʱ o k o ɹ t͡ʃʰ i l e n,4,V,3,PST,PROG,POL,,,,,
অনুরোধ করা,অনুরোধ করছেন,V;3;PRS;PROG;POL,0.0,0.0,ɔ n u ɹ o d̪ʱ o k ɔ ɹ o t͡ʃʰ e n,3,V,3,PRS,PROG,POL,,,,,
অনুরোধ করা,অনুরোধ করতে,V;3;PST;HAB;INFM,0.0,0.0,ɔ n u ɹ o d̪ʱ o k ɔ ɹ o t̪ e,1,V,3,PST,HAB,INFM,,,,,
অনুরোধ করা,অনুরোধ করবি,V;2;FUT;LGSPEC1,0.0,0.0,o n u ɹ o d̪ʱ o k ɔ r o b i,1,V,2,FUT,LGSPEC1,,,,,,
অনুরোধ করা,অনুরোধ করছিলাম,V;1;PST;PROG,0.0,0.0,o n u ɹ o d̪ʱ o k o ɹ t͡ʃʰ i l a m,1,V,1,PST,PROG,,,,,,
অনুরোধ করা,অনুরোধ করছি,V;1;PRS;PROG,0.0,0.0,o n u ɹ o d̪ʱ o k ɔ ɹ o t͡ʃʰ i,0,V,1,PRS,PROG,,,,,,
অনুরোধ করা,অনুরোধ করেছিলো,V;2;PST;PRF;POL,0.0,0.0,o n u ɹ o d̪ʱ o k ɔ ɹ e t͡ʃʰ i l o,3,V,2,PST,PRF,POL,,,,,
অনুরোধ করা,অনুরোধ করে,V;V.PTCP;PRF,0.0,0.0,ɔ n u ɹ o d̪ʱ o k ɔ ɹ e,3,V,V.PTCP,PRF,,,,,,,
অনুরোধ করা,অনুরোধ করতে,V;V.NFIN,0.0,0.0,ɔ n u ɹ o d̪ʱ o k ɔ ɹ o t̪ e,3,V,V.NFIN,,,,,,,,
অনুরোধ করা,অনুরোধ করেছো,V;3;PRS;PRF;INFM,0.0,0.0,ɔ n u ɹ o d̪ʱ o k ɔ ɹ e t͡ʃʰ o,3,V,3,PRS,PRF,INFM,,,,,
অনুরোধ করা,অনুরোধ করবেন,V;3;FUT;POL,0.0,0.0,ɔ n u ɹ o d̪ʱ o k ɔ ɹ b e n,3,V,3,FUT,POL,,,,,,
অনুরোধ করা,অনুরোধ করছে,V;2;PRS;PROG;POL,0.0,0.0,ɔ n u ɹ o d̪ʱ o k ɔ ɹ o t͡ʃʰ e,0,V,2,PRS,PROG,POL,,,,,
অনুরোধ করা,অনুরোধ করে,V;2;PRS;POL,0.0,0.0,ɔ n u ɹ o d̪ʱ o k ɔ ɹ e,3,V,2,PRS,POL,,,,,,
অনুরোধ করা,অনুরোধ করতো,V;2;PST;HAB;POL,0.0,0.0,ɔ n u ɹ o d̪ʱ o k ɔ r o t̪ o,3,V,2,PST,HAB,POL,,,,,
অনুরোধ করা,অনুরোধ করেছিলে,V;3;PST;PRF;INFM,0.0,0.0,o n u ɹ o d̪ʱ o k ɔ ɹ e t͡ʃʰ i l e,4,V,3,PST,PRF,INFM,,,,,
অনুরোধ করা,অনুরোধ করবো,V;1;FUT,0.0,0.0,ɔ n u ɹ o d̪ʱ o k ɔ r o b o,0,V,1,FUT,,,,,,,
অনুরোধ করা,অনুরোধ করতিস,V;2;PST;HAB;LGSPEC1,0.0,0.0,o n u ɹ o d̪ʱ o k ɔ ɹ o t̪ i ʃ,2,V,2,PST,HAB,LGSPEC1,,,,,
অনুরোধ করা,অনুরোধ করি,V;1;PRS,0.0,0.0,o n u ɹ o d̪ʱ o k ɔ ɹ i,2,V,1,PRS,,,,,,,
অনুরোধ করা,অনুরোধ করছিলি,V;2;PST;PROG;LGSPEC1,0.0,0.0,o n u ɹ o d̪ʱ o k ɔ ɹ t͡ʃʰ i l i,0,V,2,PST,PROG,LGSPEC1,,,,,
অনুরোধ করা,অনুরোধ করবে,V;2;FUT;POL,0.0,0.0,ɔ n u ɹ o d̪ʱ o k ɔ ɹ b e,0,V,2,FUT,POL,,,,,,
অনুরোধ করা,অনুরোধ করা,V;V.MSDR,0.0,0.0,ɔ n u ɹ o d̪ʱ o k ɔ ɹ a,2,V,V.MSDR,,,,,,,,
অনুরোধ করা,অনুরোধ করলাম,V;1;PST,0.0,0.0,o n u ɹ o d̪ʱ o k ɔ ɹ l a m,4,V,1,PST,,,,,,,
অনুরোধ করা,অনুরোধ করেন,V;3;PRS;POL,0.0,0.0,ɔ n u ɹ o d̪ʱ o k ɔ ɹ e n,2,V,3,PRS,POL,,,,,,
অনুরোধ করা,অনুরোধ করতেন,V;3;PST;HAB;POL,0.0,0.0,ɔ n u ɹ o d̪ʱ o k ɔ ɹ t̪ e n,1,V,3,PST,HAB,POL,,,,,
অনুরোধ করা,অনুরোধ করেছিলি,V;2;PST;PRF;LGSPEC1,0.0,0.0,o n u ɹ o d̪ʱ o k ɾ e t͡ʃʰ i l i,1,V,2,PST,PRF,LGSPEC1,,,,,
অনুরোধ করা,অনুরোধ করলে,V;V.PTCP;COND,0.0,0.0,ɔ n u ɹ o d̪ʱ o k ɔ ɹ l e,0,V,V.PTCP,COND,,,,,,,
অনুরোধ করা,অনুরোধ করছো,V;3;PRS;PROG;INFM,0.0,0.0,ɔ n u ɹ o d̪ʱ o k ɔ ɹ o t͡ʃʰ o,0,V,3,PRS,PROG,INFM,,,,,
অনুরোধ করা,অনুরোধ করতাম,V;1;PST;HAB,0.0,0.0,o n u ɹ o d̪ʱ o k ɔ ɹ o t̪ a m,2,V,1,PST,HAB,,,,,,
অনুরোধ করা,অনুরোধ করেছে,V;2;PRS;PRF;POL,0.0,0.0,ɔ n u ɹ o d̪ʱ o k ɔ ɹ e t͡ʃʰ e,3,V,2,PRS,PRF,POL,,,,,
অনুরোধ করা,অনুরোধ করছিলে,V;3;PST;PROG;INFM,0.0,0.0,o n u ɹ o d̪ʱ o k ɔ ɹ t͡ʃʰ i l e,1,V,3,PST,PROG,INFM,,,,,
অনুরোধ করা,অনুরোধ করেছিলাম,V;1;PST;PRF,0.0,0.0,o n u ɹ o d̪ʱ o k ɾ e t͡ʃʰ i l a m,1,V,1,PST,PRF,,,,,,
অনুরোধ করা,অনুরোধ করিস,V;2;PRS;LGSPEC1,0.0,0.0,o n u ɹ o d̪ʱ o k ɔ ɹ i ʃ,3,V,2,PRS,LGSPEC1,,,,,,
করা,করলো,V;2;PST;POL,0.000441,0.0148939565217391,k ɔ ɹ l o,2,V,2,PST,POL,,,,,,
করা,করেছি,V;1;PRS;PRF,0.001267,0.0148939565217391,k ɔ ɹ e t͡ʃʰ i,0,V,1,PRS,PRF,,,,,,
করা,করছিলো,V;2;PST;PROG;POL,2.5e-05,0.0148939565217391,k ɔ ɹ t͡ʃʰ i l o,4,V,2,PST,PROG,POL,,,,,
করা,করছিস,V;2;PRS;PROG;LGSPEC1,6e-06,0.0148939565217391,k ɔ ɹ t͡ʃʰ i ʃ,4,V,2,PRS,PROG,LGSPEC1,,,,,
করা,করলে,V;3;PST;INFM,0.008223,0.0148939565217391,k ɔ ɹ l e,2,V,3,PST,INFM,,,,,,
করা,করতে,V;V.PTCP;PROG,0.062264,0.0148939565217391,k ɔ ɹ t̪ e,3,V,V.PTCP,PROG,,,,,,,
করা,করলেন,V;3;PST;POL,0.001286,0.0148939565217391,k ɔ ɹ l e n,2,V,3,PST,POL,,,,,,
করা,করেছেন,V;3;PRS;PRF;POL,0.006001,0.0148939565217391,k ɔ ɹ e t͡ʃʰ e n,0,V,3,PRS,PRF,POL,,,,,
করা,করবে,V;3;FUT;INFM,0.00501,0.0148939565217391,k ɔ ɹ b e,3,V,3,FUT,INFM,,,,,,
করা,করলি,V;2;PST;LGSPEC1,7e-06,0.0148939565217391,k ɔ ɹ l i,1,V,2,PST,LGSPEC1,,,,,,
করা,করে,V;V.PTCP;HAB,0.107004,0.0148939565217391,k ɔ ɹ e,4,V,V.PTCP,HAB,,,,,,,
করা,করেছিলেন,V;3;PST;PRF;POL,0.001165,0.0148939565217391,k ɔ ɹ e t͡ʃʰ i l e n,4,V,3,PST,PRF,POL,,,,,
করা,করো,V;3;PRS;INFM,0.000395,0.0148939565217391,k ɔ ɹ o,2,V,3,PRS,INFM,,,,,,
করা,করেছিস,V;2;PRS;PRF;LGSPEC1,3e-06,0.0148939565217391,k ɔ ɹ e t͡ʃʰ i ʃ,0,V,2,PRS,PRF,LGSPEC1,,,,,
করা,করছিলেন,V;3;PST;PROG;POL,0.000165,0.0148939565217391,k ɔ ɹ t͡ʃʰ i l e n,4,V,3,PST,PROG,POL,,,,,
করা,করছেন,V;3;PRS;PROG;POL,0.002773,0.0148939565217391,k ɔ ɹ t͡ʃʰ e n,2,V,3,PRS,PROG,POL,,,,,
করা,করতে,V;3;PST;HAB;INFM,0.062264,0.0148939565217391,k ɔ ɹ t̪ e,4,V,3,PST,HAB,INFM,,,,,
করা,করবি,V;2;FUT;LGSPEC1,1.1e-05,0.0148939565217391,k ɔ ɹ b i,1,V,2,FUT,LGSPEC1,,,,,,
করা,করছিলাম,V;1;PST;PROG,6.1e-05,0.0148939565217391,k ɔ ɹ t͡ʃʰ i l a m,4,V,1,PST,PROG,,,,,,
করা,করছি,V;1;PRS;PROG,0.002091,0.0148939565217391,k ɔ ɹ t͡ʃʰ i,4,V,1,PRS,PROG,,,,,,
করা,করেছিলো,V;2;PST;PRF;POL,7e-05,0.0148939565217391,k ɔ ɹ e t͡ʃʰ i l o,3,V,2,PST,PRF,POL,,,,,
করা,করে,V;V.PTCP;PRF,0.107004,0.0148939565217391,k ɔ ɹ e,2,V,V.PTCP,PRF,,,,,,,
করা,করতে,V;V.NFIN,0.062264,0.0148939565217391,k ɔ ɹ t̪ e,3,V,V.NFIN,,,,,,,,
করা,করেছো,V;3;PRS;PRF;INFM,1.8e-05,0.0148939565217391,k ɔ ɹ e t͡ʃʰ o,1,V,3,PRS,PRF,INFM,,,,,
করা,করবেন,V;3;FUT;POL,0.007909,0.0148939565217391,k ɔ ɹ b e n,3,V,3,FUT,POL,,,,,,
করা,করছে,V;2;PRS;PROG;POL,0.004747,0.0148939565217391,k ɔ ɹ o t͡ʃʰ e,0,V,2,PRS,PROG,POL,,,,,
করা,করে,V;2;PRS;POL,0.107004,0.0148939565217391,k ɔ ɹ e,4,V,2,PRS,POL,,,,,,
করা,করতো,V;2;PST;HAB;POL,0.000353,0.0148939565217391,k ɔ ɹ o t̪ o,2,V,2,PST,HAB,POL,,,,,
করা,করেছিলে,V;3;PST;PRF;INFM,1.4e-05,0.0148939565217391,k ɔ ɹ e t͡ʃʰ i l e,2,V,3,PST,PRF,INFM,,,,,
করা,করবো,V;1;FUT,0.000952,0.0148939565217391,k ɔ ɹ b o,2,V,1,FUT,,,,,,,
করা,করতিস,V;2;PST;HAB;LGSPEC1,0.0,0.0148939565217391,k ɔ ɹ t̪ i ʃ,1,V,2,PST,HAB,LGSPEC1,,,,,
করা,করি,V;1;PRS,0.006764,0.0148939565217391,k ɔ ɹ i,1,V,1,PRS,,,,,,,
করা,করছিলি,V;2;PST;PROG;LGSPEC1,1e-06,0.0148939565217391,k ɔ ɹ t͡ʃʰ i l i,2,V,2,PST,PROG,LGSPEC1,,,,,
করা,করবে,V;2;FUT;POL,0.00501,0.0148939565217391,k ɔ ɹ b e,0,V,2,FUT,POL,,,,,,
করা,করা,V;V.MSDR,0.089165,0.0148939565217391,k ɔ ɹ a,2,V,V.MSDR,,,,,,,,
করা,করলাম,V;1;PST,0.000813,0.0148939565217391,k ɔ ɹ l a m,1,V,1,PST,,,,,,,
করা,করেন,V;3;PRS;POL,0.016529,0.0148939565217391,k ɔ ɹ e n,2,V,3,PRS,POL,,,,,,
করা,করতেন,V;3;PST;HAB;POL,0.000756,0.0148939565217391,k ɔ ɹ t̪ e n,1,V,3,PST,HAB,POL,,,,,
করা,করেছিলি,V;2;PST;PRF;LGSPEC1,0.0,0.0148939565217391,k ɔ ɹ e t͡ʃʰ i l i,0,V,2,PST,PRF,LGSPEC1,,,,,
করা,করলে,V;V.PTCP;COND,0.008223,0.0148939565217391,k ɔ ɹ l e,0,V,V.PTCP,COND,,,,,,,
করা,করছো,V;3;PRS;PROG;INFM,2.7e-05,0.0148939565217391,k ɔ ɹ o t͡ʃʰ o,1,V,3,PRS,PROG,INFM,,,,,
করা,করতাম,V;1;PST;HAB,0.000194,0.0148939565217391,k ɔ ɹ t̪ a m,2,V,1,PST,HAB,,,,,,
করা,করেছে,V;2;PRS;PRF;POL,0.006466,0.0148939565217391,k ɔ ɹ e t͡ʃʰ e,3,V,2,PRS,PRF,POL,,,,,
করা,করছিলে,V;3;PST;PROG;INFM,4e-06,0.0148939565217391,k ɔ ɹ t͡ʃʰ i l e,3,V,3,PST,PROG,INFM,,,,,
করা,করেছিলাম,V;1;PST;PRF,0.000359,0.0148939565217391,k ɔ ɹ e t͡ʃʰ i l a m,2,V,1,PST,PRF,,,,,,
করা,করিস,V;2;PRS;LGSPEC1,1.4e-05,0.0148939565217391,k ɔ ɹ i ʃ,0,V,2,PRS,LGSPEC1,,,,,,
আঁকা,আঁকলো,V;2;PST;POL,0.0,1.247826086956522e-05,a k l o,4,V,2,PST,POL,,,,,,
আঁকা,এঁকেছি,V;1;PRS;PRF,2e-06,1.247826086956522e-05,e k e t͡ʃʰ i,1,V,1,PRS,PRF,,,,,,
আঁকা,আঁকছিলো,V;2;PST;PROG;POL,0.0,1.247826086956522e-05,a k s i l o,0,V,2,PST,PROG,POL,,,,,
আঁকা,আঁকছিস,V;2;PRS;PROG;LGSPEC1,0.0,1.247826086956522e-05,a k s i ʃ,1,V,2,PRS,PROG,LGSPEC1,,,,,
আঁকা,আঁকলে,V;3;PST;INFM,3e-06,1.247826086956522e-05,a k l e,0,V,3,PST,INFM,,,,,,
আঁকা,আঁকতে,V;V.PTCP;PROG,4.8e-05,1.247826086956522e-05,a k t̪ e,2,V,V.PTCP,PROG,,,,,,,
আঁকা,আঁকলেন,V;3;PST;POL,3e-06,1.247826086956522e-05,a k l e n,0,V,3,PST,POL,,,,,,
আঁকা,এঁকেছেন,V;3;PRS;PRF;POL,1.4e-05,1.247826086956522e-05,e k e t͡ʃʰ e n,3,V,3,PRS,PRF,POL,,,,,
আঁকা,আঁকবে,V;3;FUT;INFM,5e-06,1.247826086956522e-05,a k b e,4,V,3,FUT,INFM,,,,,,
আঁকা,আঁকলি,V;2;PST;LGSPEC1,0.0,1.247826086956522e-05,a k l i,1,V,2,PST,LGSPEC1,,,,,,
আঁকা,এঁকে,V;V.PTCP;HAB,7.2e-05,1.247826086956522e-05,e k e,4,V,V.PTCP,HAB,,,,,,,
আঁকা,এঁকেছিলেন,V;3;PST;PRF;POL,6e-06,1.247826086956522e-05,e k e t͡ʃʰ i l e n,0,V,3,PST,PRF,POL,,,,,
আঁকা,আঁকো,V;3;PRS;INFM,0.0,1.247826086956522e-05,a k o,2,V,3,PRS,INFM,,,,,,
আঁকা,এঁকেছিস,V;2;PRS;PRF;LGSPEC1,0.0,1.247826086956522e-05,e k e t͡ʃʰ i ʃ,0,V,2,PRS,PRF,LGSPEC1,,,,,
আঁকা,আঁকছিলেন,V;3;PST;PROG;POL,1e-06,1.247826086956522e-05,a k s i l e n,0,V,3,PST,PROG,POL,,,,,
আঁকা,আঁকছেন,V;3;PRS;PROG;POL,2e-06,1.247826086956522e-05,a k s e n,1,V,3,PRS,PROG,POL,,,,,
আঁকা,আঁকতে,V;3;PST;HAB;INFM,4.8e-05,1.247826086956522e-05,a k t̪ e,3,V,3,PST,HAB,INFM,,,,,
আঁকা,আঁকবি,V;2;FUT;LGSPEC1,0.0,1.247826086956522e-05,a k b i,1,V,2,FUT,LGSPEC1,,,,,,
আঁকা,আঁকছিলাম,V;1;PST;PROG,0.0,1.247826086956522e-05,a k s i l a m,3,V,1,PST,PROG,,,,,,
আঁকা,আঁকছি,V;1;PRS;PROG,0.0,1.247826086956522e-05,a k s i,0,V,1,PRS,PROG,,,,,,
আঁকা,এঁকেছিলো,V;2;PST;PRF;POL,0.0,1.247826086956522e-05,e k e t͡ʃʰ i l o,1,V,2,PST,PRF,POL,,,,,
আঁকা,এঁকে,V;V.PTCP;PRF,7.2e-05,1.247826086956522e-05,e k e,3,V,V.PTCP,PRF,,,,,,,
আঁকা,আঁকতে,V;V.NFIN,4.8e-05,1.247826086956522e-05,a k t̪ e,0,V,V.NFIN,,,,,,,,
আঁকা,এঁকেছো,V;3;PRS;PRF;INFM,0.0,1.247826086956522e-05,e k e s o,0,V,3,PRS,PRF,INFM,,,,,
আঁকা,আঁকবেন,V;3;FUT;POL,3e-06,1.247826086956522e-05,a k b e n,1,V,3,FUT,POL,,,,,,
আঁকা,আঁকছে,V;2;PRS;PROG;POL,3e-06,1.247826086956522e-05,a k s e,4,V,2,PRS,PROG,POL,,,,,
আঁকা,আঁকে,V;2;PRS;POL,4e-06,1.247826086956522e-05,a k e,3,V,2,PRS,POL,,,,,,
আঁকা,আঁকতো,V;2;PST;HAB;POL,0.0,1.247826086956522e-05,a k t̪ o,3,V,2,PST,HAB,POL,,,,,
আঁকা,এঁকেছিলে,V;3;PST;PRF;INFM,0.0,1.247826086956522e-05,e k e t͡ʃʰ i l e,4,V,3,PST,PRF,INFM,,,,,
আঁকা,আঁকবো,V;1;FUT,0.0,1.247826086956522e-05,a k b o,1,V,1,FUT,,,,,,,
আঁকা,আঁকতিস,V;2;PST;HAB;LGSPEC1,0.0,1.247826086956522e-05,a k t̪ i ʃ,1,V,2,PST,HAB,LGSPEC1,,,,,
আঁকা,আঁকি,V;1;PRS,3e-06,1.247826086956522e-05,a k i,0,V,1,PRS,,,,,,,
আঁকা,আঁকছিলি,V;2;PST;PROG;LGSPEC1,0.0,1.247826086956522e-05,a k s i l i,4,V,2,PST,PROG,LGSPEC1,,,,,
আঁকা,আঁকবে,V;2;FUT;POL,5e-06,1.247826086956522e-05,a k b e,3,V,2,FUT,POL,,,,,,
আঁকা,আঁকা,V;V.MSDR,0.000211,1.247826086956522e-05,a k a,2,V,V.MSDR,,,,,,,,
আঁকা,আঁকলাম,V;1;PST,0.0,1.247826086956522e-05,a k l a m,3,V,1,PST,,,,,,,
আঁকা,আঁকেন,V;3;PRS;POL,1e-05,1.247826086956522e-05,a k e n,1,V,3,PRS,POL,,,,,,
আঁকা,আঁকতেন,V;3;PST;HAB;POL,5e-06,1.247826086956522e-05,a k t̪ e n,3,V,3,PST,HAB,POL,,,,,
আঁকা,এঁকেছিলি,V;2;PST;PRF;LGSPEC1,0.0,1.247826086956522e-05,e k e t͡ʃʰ i l i,2,V,2,PST,PRF,LGSPEC1,,,,,
আঁকা,আঁকলে,V;V.PTCP;COND,3e-06,1.247826086956522e-05,a k l e,4,V,V.PTCP,COND,,,,,,,
আঁকা,আঁকছো,V;3;PRS;PROG;INFM,0.0,1.247826086956522e-05,a k s o,2,V,3,PRS,PROG,INFM,,,,,
আঁকা,আঁকতাম,V;1;PST;HAB,1e-06,1.247826086956522e-05,a k t̪ a m,4,V,1,PST,HAB,,,,,,
আঁকা,এঁকেছে,V;2;PRS;PRF;POL,2e-06,1.247826086956522e-05,e k e s e,4,V,2,PRS,PRF,POL,,,,,
আঁকা,আঁকছিলে,V;3;PST;PROG;INFM,0.0,1.247826086956522e-05,a k s i l e,2,V,3,PST,PROG,INFM,,,,,
আঁকা,এঁকেছিলাম,V;1;PST;PRF,0.0,1.247826086956522e-05,e k e t͡ʃʰ i l a m,2,V,1,PST,PRF,,,,,,
আঁকা,আঁকিস,V;2;PRS;LGSPEC1,0.0,1.247826086956522e-05,a k i ʃ,4,V,2,PRS,LGSPEC1,,,,,,
ভালোবাসা,ভালোবাসলো,V;2;PST;POL,2e-06,2.4891304347826085e-05,bʱ a l o b a ʃ l o,3,V,2,PST,POL,,,,,,
ভালোবাসা,ভালোবেসেছি,V;1;PRS;PRF,1e-06,2.4891304347826085e-05,bʱ a l o b e ʃ e t͡ʃʰ i,1,V,1,PRS,PRF,,,,,,
ভালোবাসা,ভালোবাসছিলো,V;2;PST;PROG;POL,0.0,2.4891304347826085e-05,bʱ a l o b a ʃ t͡ʃʰ i l o,0,V,2,PST,PROG,POL,,,,,
ভালোবাসা,ভালোবাসছিস,V;2;PRS;PROG;LGSPEC1,0.0,2.4891304347826085e-05,bʱ a l o b a s t͡ʃʰ i ʃ,3,V,2,PRS,PROG,LGSPEC1,,,,,
ভালোবাসা,ভালোবাসলে,V;3;PST;INFM,7e-06,2.4891304347826085e-05,bʱ a l o b a ʃ l e,2,V,3,PST,INFM,,,,,,
ভালোবাসা,ভালোবাসতে,V;V.PTCP;PROG,4.1e-05,2.4891304347826085e-05,bʱ a l o b a ʃ t̪ e,1,V,V.PTCP,PROG,,,,,,,
ভালোবাসা,ভালোবাসলেন,V;3;PST;POL,0.0,2.4891304347826085e-05,bʱ a l o b a ʃ l e n,1,V,3,PST,POL,,,,,,
ভালোবাসা,ভালোবেসেছেন,V;3;PRS;PRF;POL,2e-06,2.4891304347826085e-05,bʱ a l o b e ʃ e t͡ʃʰ e n,3,V,3,PRS,PRF,POL,,,,,
ভালোবাসা,ভালোবাসবে,V;3;FUT;INFM,7e-06,2.4891304347826085e-05,bʱ a l o b a ʃ b e,0,V,3,FUT,INFM,,,,,,
ভালোবাসা,ভালোবাসলি,V;2;PST;LGSPEC1,0.0,2.4891304347826085e-05,bʱ a l o b a ʃ l i,4,V,2,PST,LGSPEC1,,,,,,
ভালোবাসা,ভালোবেসে,V;V.PTCP;HAB,4.8e-05,2.4891304347826085e-05,bʱ a l o b e ʃ e,4,V,V.PTCP,HAB,,,,,,,
ভালোবাসা,ভালোবেসেছিলেন,V;3;PST;PRF;POL,1e-06,2.4891304347826085e-05,bʱ a l o b e ʃ e t͡ʃʰ i l e n,0,V,3,PST,PRF,POL,,,,,
ভালোবাসা,ভালোবাসো,V;3;PRS;INFM,1e-05,2.4891304347826085e-05,bʱ a l o b a ʃ o,2,V,3,PRS,INFM,,,,,,
ভালোবাসা,ভালোবেসেছিস,V;2;PRS;PRF;LGSPEC1,0.0,2.4891304347826085e-05,bʱ a l o b e ʃ e t͡ʃʰ i ʃ,4,V,2,PRS,PRF,LGSPEC1,,,,,
ভালোবাসা,ভালোবাসছিলেন,V;3;PST;PROG;POL,0.0,2.4891304347826085e-05,bʱ a l o b a s t͡ʃʰ i l e n,1,V,3,PST,PROG,POL,,,,,
ভালোবাসা,ভালোবাসছেন,V;3;PRS;PROG;POL,2e-06,2.4891304347826085e-05,bʱ a l o b a ʃ t͡ʃʰ e n,2,V,3,PRS,PROG,POL,,,,,
ভালোবাসা,ভালোবাসতে,V;3;PST;HAB;INFM,4.1e-05,2.4891304347826085e-05,bʱ a l o b a ʃ t̪ e,0,V,3,PST,HAB,INFM,,,,,
ভালোবাসা,ভালোবাসবি,V;2;FUT;LGSPEC1,0.0,2.4891304347826085e-05,bʱ a l o b a ʃ b i,4,V,2,FUT,LGSPEC1,,,,,,
ভালোবাসা,ভালোবাসছিলাম,V;1;PST;PROG,0.0,2.4891304347826085e-05,bʱ a l o b a s t͡ʃʰ i l a m,4,V,1,PST,PROG,,,,,,
ভালোবাসা,ভালোবাসছি,V;1;PRS;PROG,0.0,2.4891304347826085e-05,bʱ a l o b a ʃ o t͡ʃʰ i,2,V,1,PRS,PROG,,,,,,
ভালোবাসা,ভালোবেসেছিলো,V;2;PST;PRF;POL,0.0,2.4891304347826085e-05,bʱ a l o b e ʃ e t͡ʃʰ i l o,0,V,2,PST,PRF,POL,,,,,
ভালোবাসা,ভালোবেসে,V;V.PTCP;PRF,4.8e-05,2.4891304347826085e-05,bʱ a l o b e ʃ e,4,V,V.PTCP,PRF,,,,,,,
ভালোবাসা,ভালোবাসতে,V;V.NFIN,4.1e-05,2.4891304347826085e-05,bʱ a l o b a ʃ t̪ e,0,V,V.NFIN,,,,,,,,
ভালোবাসা,ভালোবেসেছো,V;3;PRS;PRF;INFM,0.0,2.4891304347826085e-05,bʱ a l o b e ʃ e t͡ʃʰ o,1,V,3,PRS,PRF,INFM,,,,,
ভালোবাসা,ভালোবাসবেন,V;3;FUT;POL,2e-06,2.4891304347826085e-05,bʱ a l o b a ʃ b e n,1,V,3,FUT,POL,,,,,,
ভালোবাসা,ভালোবাসছে,V;2;PRS;PROG;POL,1e-06,2.4891304347826085e-05,bʱ a l o b a ʃ t͡ʃʰ e,0,V,2,PRS,PROG,POL,,,,,
ভালোবাসা,ভালোবাসে,V;2;PRS;POL,7.5e-05,2.4891304347826085e-05,bʱ a l o b a ʃ e,4,V,2,PRS,POL,,,,,,
ভালোবাসা,ভালোবাসতো,V;2;PST;HAB;POL,1e-06,2.4891304347826085e-05,bʱ a l o b a ʃ o t̪ o,0,V,2,PST,HAB,POL,,,,,
ভালোবাসা,ভালোবেসেছিলে,V;3;PST;PRF;INFM,0.0,2.4891304347826085e-05,bʱ a l o b e ʃ e t͡ʃʰ i l e,0,V,3,PST,PRF,INFM,,,,,
ভালোবাসা,ভালোবাসবো,V;1;FUT,1e-06,2.4891304347826085e-05,bʱ a l o b a ʃ b o,0,V,1,FUT,,,,,,,
ভালোবাসা,ভালোবাসতিস,V;2;PST;HAB;LGSPEC1,0.0,2.4891304347826085e-05,bʱ a l o b a ʃ t̪ i ʃ,0,V,2,PST,HAB,LGSPEC1,,,,,
ভালোবাসা,ভালোবাসি,V;1;PRS,6.7e-05,2.4891304347826085e-05,bʱ a l o b a ʃ i,0,V,1,PRS,,,,,,,
ভালোবাসা,ভালোবাসছিলি,V;2;PST;PROG;LGSPEC1,0.0,2.4891304347826085e-05,bʱ a l o b a s t͡ʃʰ i l i,2,V,2,PST,PROG,LGSPEC1,,,,,
ভালোবাসা,ভালোবাসবে,V;2;FUT;POL,7e-06,2.4891304347826085e-05,bʱ a l o b a ʃ b e,3,V,2,FUT,POL,,,,,,
ভালোবাসা,ভালোবাসা,V;V.MSDR,0.000598,2.4891304347826085e-05,bʱ a l o b a ʃ a,2,V,V.MSDR,,,,,,,,
ভালোবাসা,ভালোবাসলাম,V;1;PST,0.0,2.4891304347826085e-05,bʱ a l o b a ʃ l a m,0,V,1,PST,,,,,,,
ভালোবাসা,ভালোবাসেন,V;3;PRS;POL,0.000118,2.4891304347826085e-05,bʱ a l o b a ʃ e n,1,V,3,PRS,POL,,,,,,
ভালোবাসা,ভালোবাসতেন,V;3;PST;HAB;POL,1.5e-05,2.4891304347826085e-05,bʱ a l o b a ʃ t̪ e n,0,V,3,PST,HAB,POL,,,,,
ভালোবাসা,ভালোবেসেছিলি,V;2;PST;PRF;LGSPEC1,0.0,2.4891304347826085e-05,bʱ a l o b e ʃ e t͡ʃʰ i l i,2,V,2,PST,PRF,LGSPEC1,,,,,
ভালোবাসা,ভালোবাসলে,V;V.PTCP;COND,7e-06,2.4891304347826085e-05,bʱ a l o b a ʃ l e,4,V,V.PTCP,COND,,,,,,,
ভালোবাসা,ভালোবাসছো,V;3;PRS;PROG;INFM,0.0,2.4891304347826085e-05,bʱ a l o b a ʃ o t͡ʃʰ o,2,V,3,PRS,PROG,INFM,,,,,
ভালোবাসা,ভালোবাসতাম,V;1;PST;HAB,0.0,2.4891304347826085e-05,bʱ a l o b a ʃ t̪ a m,0,V,1,PST,HAB,,,,,,
ভালোবাসা,ভালোবেসেছে,V;2;PRS;PRF;POL,1e-06,2.4891304347826085e-05,bʱ a l o b e ʃ e t͡ʃʰ e,1,V,2,PRS,PRF,POL,,,,,
ভালোবাসা,ভালোবাসছিলে,V;3;PST;PROG;INFM,0.0,2.4891304347826085e-05,bʱ a l o b a ʃ t͡ʃʰ i l e,3,V,3,PST,PROG,INFM,,,,,
ভালোবাসা,ভালোবেসেছিলাম,V;1;PST;PRF,1e-06,2.4891304347826085e-05,bʱ a l o b e ʃ e t͡ʃʰ i l a m,3,V,1,PST,PRF,,,,,,
ভালোবাসা,ভালোবাসিস,V;2;PRS;LGSPEC1,0.0,2.4891304347826085e-05,bʱ a l o b a ʃ i ʃ,1,V,2,PRS,LGSPEC1,,,,,,
