lemma,form,paradigm_slot,form_freq,lemma_freq
aanbidden,aanbaden,V;IND;PST;PL,1e-06,2.533333333333333e-06
aanbidden,aanbaden,V;SBJV;PST;PL,1e-06,2.533333333333333e-06
aanbidden,aanbade,V;SBJV;PST;SG,0.0,2.533333333333333e-06
aanbidden,aanbad,V;IND;PST;1;SG,2e-06,2.533333333333333e-06
aanbidden,aanbad,V;IND;PST;2;SG,2e-06,2.533333333333333e-06
aanbidden,aanbad,V;IND;PST;3;SG,2e-06,2.533333333333333e-06
aanbidden,aanbidden,V;IND;PRS;PL,9e-06,2.533333333333333e-06
aanbidden,aanbidden,V;NFIN,9e-06,2.533333333333333e-06
aanbidden,aanbidden,V;SBJV;PRS;PL,9e-06,2.533333333333333e-06
aanbidden,aanbidde,V;SBJV;PRS;SG,0.0,2.533333333333333e-06
aanbidden,aanbidt,V;IMP;PL,1e-06,2.533333333333333e-06
aanbidden,aanbidt,V;IND;PRS;2;SG,1e-06,2.533333333333333e-06
aanbidden,aanbidt,V;IND;PRS;3;SG,1e-06,2.533333333333333e-06
aanbidden,aanbid,V;IMP;SG,0.0,2.533333333333333e-06
aanbidden,aanbid,V;IND;PRS;1;SG,0.0,2.533333333333333e-06
aanschouwen,aanschouwden,V;IND;PST;PL,0.0,3.9333333333333335e-06
aanschouwen,aanschouwden,V;SBJV;PST;PL,0.0,3.9333333333333335e-06
aanschouwen,aanschouwde,V;IND;PST;1;SG,4e-06,3.9333333333333335e-06
aanschouwen,aanschouwde,V;IND;PST;2;SG,4e-06,3.9333333333333335e-06
aanschouwen,aanschouwde,V;IND;PST;3;SG,4e-06,3.9333333333333335e-06
aanschouwen,aanschouwde,V;SBJV;PST;SG,4e-06,3.9333333333333335e-06
aanschouwen,aanschouwen,V;IND;PRS;PL,1.3e-05,3.9333333333333335e-06
aanschouwen,aanschouwen,V;NFIN,1.3e-05,3.9333333333333335e-06
aanschouwen,aanschouwen,V;SBJV;PRS;PL,1.3e-05,3.9333333333333335e-06
aanschouwen,aanschouwe,V;SBJV;PRS;SG,0.0,3.9333333333333335e-06
aanschouwen,aanschouwt,V;IMP;PL,0.0,3.9333333333333335e-06
aanschouwen,aanschouwt,V;IND;PRS;2;SG,0.0,3.9333333333333335e-06
aanschouwen,aanschouwt,V;IND;PRS;3;SG,0.0,3.9333333333333335e-06
aanschouwen,aanschouw,V;IMP;SG,2e-06,3.9333333333333335e-06
aanschouwen,aanschouw,V;IND;PRS;1;SG,2e-06,3.9333333333333335e-06
aanvaarden,aanvaardden,V;IND;PST;PL,2e-06,2.3599999999999998e-05
aanvaarden,aanvaardden,V;SBJV;PST;PL,2e-06,2.3599999999999998e-05
aanvaarden,aanvaardde,V;IND;PST;1;SG,1.2e-05,2.3599999999999998e-05
aanvaarden,aanvaardde,V;IND;PST;2;SG,1.2e-05,2.3599999999999998e-05
aanvaarden,aanvaardde,V;IND;PST;3;SG,1.2e-05,2.3599999999999998e-05
aanvaarden,aanvaardde,V;SBJV;PST;SG,1.2e-05,2.3599999999999998e-05
aanvaarden,aanvaarden,V;IND;PRS;PL,3.1e-05,2.3599999999999998e-05
aanvaarden,aanvaarden,V;NFIN,3.1e-05,2.3599999999999998e-05
aanvaarden,aanvaarden,V;SBJV;PRS;PL,3.1e-05,2.3599999999999998e-05
aanvaarden,aanvaarde,V;SBJV;PRS;SG,2e-06,2.3599999999999998e-05
aanvaarden,aanvaardt,V;IMP;PL,2.1e-05,2.3599999999999998e-05
aanvaarden,aanvaardt,V;IND;PRS;2;SG,2.1e-05,2.3599999999999998e-05
aanvaarden,aanvaardt,V;IND;PRS;3;SG,2.1e-05,2.3599999999999998e-05
aanvaarden,aanvaard,V;IMP;SG,7.2e-05,2.3599999999999998e-05
aanvaarden,aanvaard,V;IND;PRS;1;SG,7.2e-05,2.3599999999999998e-05
aarzelen,aarzelden,V;IND;PST;PL,0.0,5.999999999999999e-06
aarzelen,aarzelden,V;SBJV;PST;PL,0.0,5.999999999999999e-06
aarzelen,aarzelde,V;IND;PST;1;SG,7e-06,5.999999999999999e-06
aarzelen,aarzelde,V;IND;PST;2;SG,7e-06,5.999999999999999e-06
aarzelen,aarzelde,V;IND;PST;3;SG,7e-06,5.999999999999999e-06
aarzelen,aarzelde,V;SBJV;PST;SG,7e-06,5.999999999999999e-06
aarzelen,aarzelen,V;IND;PRS;PL,8e-06,5.999999999999999e-06
aarzelen,aarzelen,V;NFIN,8e-06,5.999999999999999e-06
aarzelen,aarzelen,V;SBJV;PRS;PL,8e-06,5.999999999999999e-06
aarzelen,aarzele,V;SBJV;PRS;SG,0.0,5.999999999999999e-06
aarzelen,aarzelt,V;IMP;PL,1.2e-05,5.999999999999999e-06
aarzelen,aarzelt,V;IND;PRS;2;SG,1.2e-05,5.999999999999999e-06
aarzelen,aarzelt,V;IND;PRS;3;SG,1.2e-05,5.999999999999999e-06
aarzelen,aarzel,V;IMP;SG,1e-06,5.999999999999999e-06
aarzelen,aarzel,V;IND;PRS;1;SG,1e-06,5.999999999999999e-06
abdiceren,abdiceerden,V;IND;PST;PL,0.0,0.0
abdiceren,abdiceerden,V;SBJV;PST;PL,0.0,0.0
abdiceren,abdiceerde,V;IND;PST;1;SG,0.0,0.0
abdiceren,abdiceerde,V;IND;PST;2;SG,0.0,0.0
abdiceren,abdiceerde,V;IND;PST;3;SG,0.0,0.0
abdiceren,abdiceerde,V;SBJV;PST;SG,0.0,0.0
abdiceren,abdiceert,V;IMP;PL,0.0,0.0
abdiceren,abdiceert,V;IND;PRS;2;SG,0.0,0.0
abdiceren,abdiceert,V;IND;PRS;3;SG,0.0,0.0
abdiceren,abdiceer,V;IMP;SG,0.0,0.0
abdiceren,abdiceer,V;IND;PRS;1;SG,0.0,0.0
abdiceren,abdiceren,V;IND;PRS;PL,0.0,0.0
abdiceren,abdiceren,V;NFIN,0.0,0.0
abdiceren,abdiceren,V;SBJV;PRS;PL,0.0,0.0
abdiceren,abdicere,V;SBJV;PRS;SG,0.0,0.0
abonneren,abonneerden,V;IND;PST;PL,0.0,4.666666666666667e-06
abonneren,abonneerden,V;SBJV;PST;PL,0.0,4.666666666666667e-06
abonneren,abonneerde,V;IND;PST;1;SG,0.0,4.666666666666667e-06
abonneren,abonneerde,V;IND;PST;2;SG,0.0,4.666666666666667e-06
abonneren,abonneerde,V;IND;PST;3;SG,0.0,4.666666666666667e-06
abonneren,abonneerde,V;SBJV;PST;SG,0.0,4.666666666666667e-06
abonneren,abonneert,V;IMP;PL,1e-06,4.666666666666667e-06
abonneren,abonneert,V;IND;PRS;2;SG,1e-06,4.666666666666667e-06
abonneren,abonneert,V;IND;PRS;3;SG,1e-06,4.666666666666667e-06
abonneren,abonneer,V;IMP;SG,5e-06,4.666666666666667e-06
abonneren,abonneer,V;IND;PRS;1;SG,5e-06,4.666666666666667e-06
abonneren,abonneren,V;IND;PRS;PL,1.9e-05,4.666666666666667e-06
abonneren,abonneren,V;NFIN,1.9e-05,4.666666666666667e-06
abonneren,abonneren,V;SBJV;PRS;PL,1.9e-05,4.666666666666667e-06
abonneren,abonnere,V;SBJV;PRS;SG,0.0,4.666666666666667e-06
aborteren,aborteerden,V;IND;PST;PL,0.0,4.0000000000000003e-07
aborteren,aborteerden,V;SBJV;PST;PL,0.0,4.0000000000000003e-07
aborteren,aborteerde,V;IND;PST;1;SG,0.0,4.0000000000000003e-07
aborteren,aborteerde,V;IND;PST;2;SG,0.0,4.0000000000000003e-07
aborteren,aborteerde,V;IND;PST;3;SG,0.0,4.0000000000000003e-07
aborteren,aborteerde,V;SBJV;PST;SG,0.0,4.0000000000000003e-07
aborteren,aborteert,V;IMP;PL,0.0,4.0000000000000003e-07
aborteren,aborteert,V;IND;PRS;2;SG,0.0,4.0000000000000003e-07
aborteren,aborteert,V;IND;PRS;3;SG,0.0,4.0000000000000003e-07
aborteren,aborteer,V;IMP;SG,0.0,4.0000000000000003e-07
aborteren,aborteer,V;IND;PRS;1;SG,0.0,4.0000000000000003e-07
aborteren,aborteren,V;IND;PRS;PL,2e-06,4.0000000000000003e-07
aborteren,aborteren,V;NFIN,2e-06,4.0000000000000003e-07
aborteren,aborteren,V;SBJV;PRS;PL,2e-06,4.0000000000000003e-07
aborteren,abortere,V;SBJV;PRS;SG,0.0,4.0000000000000003e-07
absorberen,absorbeerden,V;IND;PST;PL,0.0,1.8e-06
absorberen,absorbeerden,V;SBJV;PST;PL,0.0,1.8e-06
absorberen,absorbeerde,V;IND;PST;1;SG,0.0,1.8e-06
absorberen,absorbeerde,V;IND;PST;2;SG,0.0,1.8e-06
absorberen,absorbeerde,V;IND;PST;3;SG,0.0,1.8e-06
absorberen,absorbeerde,V;SBJV;PST;SG,0.0,1.8e-06
absorberen,absorbeert,V;IMP;PL,5e-06,1.8e-06
absorberen,absorbeert,V;IND;PRS;2;SG,5e-06,1.8e-06
absorberen,absorbeert,V;IND;PRS;3;SG,5e-06,1.8e-06
absorberen,absorbeer,V;IMP;SG,0.0,1.8e-06
absorberen,absorbeer,V;IND;PRS;1;SG,0.0,1.8e-06
absorberen,absorberen,V;IND;PRS;PL,4e-06,1.8e-06
absorberen,absorberen,V;NFIN,4e-06,1.8e-06
absorberen,absorberen,V;SBJV;PRS;PL,4e-06,1.8e-06
absorberen,absorbere,V;SBJV;PRS;SG,0.0,1.8e-06
abstraheren,abstraheerden,V;IND;PST;PL,0.0,2.0000000000000002e-07
abstraheren,abstraheerden,V;SBJV;PST;PL,0.0,2.0000000000000002e-07
abstraheren,abstraheerde,V;IND;PST;1;SG,0.0,2.0000000000000002e-07
abstraheren,abstraheerde,V;IND;PST;2;SG,0.0,2.0000000000000002e-07
abstraheren,abstraheerde,V;IND;PST;3;SG,0.0,2.0000000000000002e-07
abstraheren,abstraheerde,V;SBJV;PST;SG,0.0,2.0000000000000002e-07
abstraheren,abstraheert,V;IMP;PL,0.0,2.0000000000000002e-07
abstraheren,abstraheert,V;IND;PRS;2;SG,0.0,2.0000000000000002e-07
abstraheren,abstraheert,V;IND;PRS;3;SG,0.0,2.0000000000000002e-07
abstraheren,abstraheer,V;IMP;SG,0.0,2.0000000000000002e-07
abstraheren,abstraheer,V;IND;PRS;1;SG,0.0,2.0000000000000002e-07
abstraheren,abstraheren,V;IND;PRS;PL,1e-06,2.0000000000000002e-07
abstraheren,abstraheren,V;NFIN,1e-06,2.0000000000000002e-07
abstraheren,abstraheren,V;SBJV;PRS;PL,1e-06,2.0000000000000002e-07
abstraheren,abstrahere,V;SBJV;PRS;SG,0.0,2.0000000000000002e-07
accelereren,accelereerden,V;IND;PST;PL,0.0,6e-07
accelereren,accelereerden,V;SBJV;PST;PL,0.0,6e-07
accelereren,accelereerde,V;IND;PST;1;SG,0.0,6e-07
accelereren,accelereerde,V;IND;PST;2;SG,0.0,6e-07
accelereren,accelereerde,V;IND;PST;3;SG,0.0,6e-07
accelereren,accelereerde,V;SBJV;PST;SG,0.0,6e-07
accelereren,accelereert,V;IMP;PL,0.0,6e-07
accelereren,accelereert,V;IND;PRS;2;SG,0.0,6e-07
accelereren,accelereert,V;IND;PRS;3;SG,0.0,6e-07
accelereren,accelereer,V;IMP;SG,0.0,6e-07
accelereren,accelereer,V;IND;PRS;1;SG,0.0,6e-07
accelereren,accelereren,V;IND;PRS;PL,3e-06,6e-07
accelereren,accelereren,V;NFIN,3e-06,6e-07
accelereren,accelereren,V;SBJV;PRS;PL,3e-06,6e-07
accelereren,accelerere,V;SBJV;PRS;SG,0.0,6e-07
accentueren,accentueerden,V;IND;PST;PL,0.0,3.2000000000000003e-06
accentueren,accentueerden,V;SBJV;PST;PL,0.0,3.2000000000000003e-06
accentueren,accentueerde,V;IND;PST;1;SG,0.0,3.2000000000000003e-06
accentueren,accentueerde,V;IND;PST;2;SG,0.0,3.2000000000000003e-06
accentueren,accentueerde,V;IND;PST;3;SG,0.0,3.2000000000000003e-06
accentueren,accentueerde,V;SBJV;PST;SG,0.0,3.2000000000000003e-06
accentueren,accentueert,V;IMP;PL,7e-06,3.2000000000000003e-06
accentueren,accentueert,V;IND;PRS;2;SG,7e-06,3.2000000000000003e-06
accentueren,accentueert,V;IND;PRS;3;SG,7e-06,3.2000000000000003e-06
accentueren,accentueer,V;IMP;SG,0.0,3.2000000000000003e-06
accentueren,accentueer,V;IND;PRS;1;SG,0.0,3.2000000000000003e-06
accentueren,accentueren,V;IND;PRS;PL,9e-06,3.2000000000000003e-06
accentueren,accentueren,V;NFIN,9e-06,3.2000000000000003e-06
accentueren,accentueren,V;SBJV;PRS;PL,9e-06,3.2000000000000003e-06
accentueren,accentuere,V;SBJV;PRS;SG,0.0,3.2000000000000003e-06
accepteren,accepteerden,V;IND;PST;PL,1e-06,3.3799999999999995e-05
accepteren,accepteerden,V;SBJV;PST;PL,1e-06,3.3799999999999995e-05
accepteren,accepteerde,V;IND;PST;1;SG,1.3e-05,3.3799999999999995e-05
accepteren,accepteerde,V;IND;PST;2;SG,1.3e-05,3.3799999999999995e-05
accepteren,accepteerde,V;IND;PST;3;SG,1.3e-05,3.3799999999999995e-05
accepteren,accepteerde,V;SBJV;PST;SG,1.3e-05,3.3799999999999995e-05
accepteren,accepteert,V;IMP;PL,5.4e-05,3.3799999999999995e-05
accepteren,accepteert,V;IND;PRS;2;SG,5.4e-05,3.3799999999999995e-05
accepteren,accepteert,V;IND;PRS;3;SG,5.4e-05,3.3799999999999995e-05
accepteren,accepteer,V;IMP;SG,6e-06,3.3799999999999995e-05
accepteren,accepteer,V;IND;PRS;1;SG,6e-06,3.3799999999999995e-05
accepteren,accepteren,V;IND;PRS;PL,9.3e-05,3.3799999999999995e-05
accepteren,accepteren,V;NFIN,9.3e-05,3.3799999999999995e-05
accepteren,accepteren,V;SBJV;PRS;PL,9.3e-05,3.3799999999999995e-05
accepteren,acceptere,V;SBJV;PRS;SG,0.0,3.3799999999999995e-05
achten,achten,V;IND;PRS;PL,1.2e-05,0.0001634666666666667
achten,achten,V;NFIN,1.2e-05,0.0001634666666666667
achten,achten,V;SBJV;PRS;PL,1.2e-05,0.0001634666666666667
achten,achte,V;SBJV;PRS;SG,0.0,0.0001634666666666667
achten,achtten,V;IND;PST;PL,0.0,0.0001634666666666667
achten,achtten,V;SBJV;PST;PL,0.0,0.0001634666666666667
achten,achtte,V;IND;PST;1;SG,1.4e-05,0.0001634666666666667
achten,achtte,V;IND;PST;2;SG,1.4e-05,0.0001634666666666667
achten,achtte,V;IND;PST;3;SG,1.4e-05,0.0001634666666666667
achten,achtte,V;SBJV;PST;SG,1.4e-05,0.0001634666666666667
achten,acht,V;IMP;PL,0.000472,0.0001634666666666667
achten,acht,V;IMP;SG,0.000472,0.0001634666666666667
achten,acht,V;IND;PRS;1;SG,0.000472,0.0001634666666666667
achten,acht,V;IND;PRS;2;SG,0.000472,0.0001634666666666667
achten,acht,V;IND;PRS;3;SG,0.000472,0.0001634666666666667
achterhalen,achterhaalden,V;IND;PST;PL,0.0,1.1533333333333332e-05
achterhalen,achterhaalden,V;SBJV;PST;PL,0.0,1.1533333333333332e-05
achterhalen,achterhaalde,V;IND;PST;1;SG,6e-06,1.1533333333333332e-05
achterhalen,achterhaalde,V;IND;PST;2;SG,6e-06,1.1533333333333332e-05
achterhalen,achterhaalde,V;IND;PST;3;SG,6e-06,1.1533333333333332e-05
achterhalen,achterhaalde,V;SBJV;PST;SG,6e-06,1.1533333333333332e-05
achterhalen,achterhaalt,V;IMP;PL,3e-06,1.1533333333333332e-05
achterhalen,achterhaalt,V;IND;PRS;2;SG,3e-06,1.1533333333333332e-05
achterhalen,achterhaalt,V;IND;PRS;3;SG,3e-06,1.1533333333333332e-05
achterhalen,achterhaal,V;IMP;SG,4e-06,1.1533333333333332e-05
achterhalen,achterhaal,V;IND;PRS;1;SG,4e-06,1.1533333333333332e-05
achterhalen,achterhalen,V;IND;PRS;PL,4.4e-05,1.1533333333333332e-05
achterhalen,achterhalen,V;NFIN,4.4e-05,1.1533333333333332e-05
achterhalen,achterhalen,V;SBJV;PRS;PL,4.4e-05,1.1533333333333332e-05
achterhalen,achterhale,V;SBJV;PRS;SG,0.0,1.1533333333333332e-05
achtervolgen,achtervolgden,V;IND;PST;PL,0.0,5.533333333333334e-06
achtervolgen,achtervolgden,V;SBJV;PST;PL,0.0,5.533333333333334e-06
achtervolgen,achtervolgde,V;IND;PST;1;SG,5e-06,5.533333333333334e-06
achtervolgen,achtervolgde,V;IND;PST;2;SG,5e-06,5.533333333333334e-06
achtervolgen,achtervolgde,V;IND;PST;3;SG,5e-06,5.533333333333334e-06
achtervolgen,achtervolgde,V;SBJV;PST;SG,5e-06,5.533333333333334e-06
achtervolgen,achtervolgen,V;IND;PRS;PL,1.3e-05,5.533333333333334e-06
achtervolgen,achtervolgen,V;NFIN,1.3e-05,5.533333333333334e-06
achtervolgen,achtervolgen,V;SBJV;PRS;PL,1.3e-05,5.533333333333334e-06
achtervolgen,achtervolge,V;SBJV;PRS;SG,0.0,5.533333333333334e-06
achtervolgen,achtervolgt,V;IMP;PL,8e-06,5.533333333333334e-06
achtervolgen,achtervolgt,V;IND;PRS;2;SG,8e-06,5.533333333333334e-06
achtervolgen,achtervolgt,V;IND;PRS;3;SG,8e-06,5.533333333333334e-06
achtervolgen,achtervolg,V;IMP;SG,0.0,5.533333333333334e-06
achtervolgen,achtervolg,V;IND;PRS;1;SG,0.0,5.533333333333334e-06
activeren,activeerden,V;IND;PST;PL,1e-06,1.0399999999999999e-05
activeren,activeerden,V;SBJV;PST;PL,1e-06,1.0399999999999999e-05
activeren,activeerde,V;IND;PST;1;SG,1e-06,1.0399999999999999e-05
activeren,activeerde,V;IND;PST;2;SG,1e-06,1.0399999999999999e-05
activeren,activeerde,V;IND;PST;3;SG,1e-06,1.0399999999999999e-05
activeren,activeerde,V;SBJV;PST;SG,1e-06,1.0399999999999999e-05
activeren,activeert,V;IMP;PL,1.6e-05,1.0399999999999999e-05
activeren,activeert,V;IND;PRS;2;SG,1.6e-05,1.0399999999999999e-05
activeren,activeert,V;IND;PRS;3;SG,1.6e-05,1.0399999999999999e-05
activeren,activeer,V;IMP;SG,3e-06,1.0399999999999999e-05
activeren,activeer,V;IND;PRS;1;SG,3e-06,1.0399999999999999e-05
activeren,activeren,V;IND;PRS;PL,3.2e-05,1.0399999999999999e-05
activeren,activeren,V;NFIN,3.2e-05,1.0399999999999999e-05
activeren,activeren,V;SBJV;PRS;PL,3.2e-05,1.0399999999999999e-05
activeren,activere,V;SBJV;PRS;SG,0.0,1.0399999999999999e-05
adelen,adelden,V;IND;PST;PL,0.0,2.9333333333333333e-06
adelen,adelden,V;SBJV;PST;PL,0.0,2.9333333333333333e-06
adelen,adelde,V;IND;PST;1;SG,0.0,2.9333333333333333e-06
adelen,adelde,V;IND;PST;2;SG,0.0,2.9333333333333333e-06
adelen,adelde,V;IND;PST;3;SG,0.0,2.9333333333333333e-06
adelen,adelde,V;SBJV;PST;SG,0.0,2.9333333333333333e-06
adelen,adelen,V;IND;PRS;PL,0.0,2.9333333333333333e-06
adelen,adelen,V;NFIN,0.0,2.9333333333333333e-06
adelen,adelen,V;SBJV;PRS;PL,0.0,2.9333333333333333e-06
adelen,adele,V;SBJV;PRS;SG,0.0,2.9333333333333333e-06
adelen,adelt,V;IMP;PL,0.0,2.9333333333333333e-06
adelen,adelt,V;IND;PRS;2;SG,0.0,2.9333333333333333e-06
adelen,adelt,V;IND;PRS;3;SG,0.0,2.9333333333333333e-06
adelen,adel,V;IMP;SG,2.2e-05,2.9333333333333333e-06
adelen,adel,V;IND;PRS;1;SG,2.2e-05,2.9333333333333333e-06
ademen,ademden,V;IND;PST;PL,0.0,3.713333333333333e-05
ademen,ademden,V;SBJV;PST;PL,0.0,3.713333333333333e-05
ademen,ademde,V;IND;PST;1;SG,4e-06,3.713333333333333e-05
ademen,ademde,V;IND;PST;2;SG,4e-06,3.713333333333333e-05
ademen,ademde,V;IND;PST;3;SG,4e-06,3.713333333333333e-05
ademen,ademde,V;SBJV;PST;SG,4e-06,3.713333333333333e-05
ademen,ademen,V;IND;PRS;PL,3.9e-05,3.713333333333333e-05
ademen,ademen,V;NFIN,3.9e-05,3.713333333333333e-05
ademen,ademen,V;SBJV;PRS;PL,3.9e-05,3.713333333333333e-05
ademen,ademe,V;SBJV;PRS;SG,0.0,3.713333333333333e-05
ademen,ademt,V;IMP;PL,6.4e-05,3.713333333333333e-05
ademen,ademt,V;IND;PRS;2;SG,6.4e-05,3.713333333333333e-05
ademen,ademt,V;IND;PRS;3;SG,6.4e-05,3.713333333333333e-05
ademen,adem,V;IMP;SG,0.000116,3.713333333333333e-05
ademen,adem,V;IND;PRS;1;SG,0.000116,3.713333333333333e-05
adopteren,adopteerden,V;IND;PST;PL,1e-06,4.2e-06
adopteren,adopteerden,V;SBJV;PST;PL,1e-06,4.2e-06
adopteren,adopteerde,V;IND;PST;1;SG,2e-06,4.2e-06
adopteren,adopteerde,V;IND;PST;2;SG,2e-06,4.2e-06
adopteren,adopteerde,V;IND;PST;3;SG,2e-06,4.2e-06
adopteren,adopteerde,V;SBJV;PST;SG,2e-06,4.2e-06
adopteren,adopteert,V;IMP;PL,3e-06,4.2e-06
adopteren,adopteert,V;IND;PRS;2;SG,3e-06,4.2e-06
adopteren,adopteert,V;IND;PRS;3;SG,3e-06,4.2e-06
adopteren,adopteer,V;IMP;SG,1e-06,4.2e-06
adopteren,adopteer,V;IND;PRS;1;SG,1e-06,4.2e-06
adopteren,adopteren,V;IND;PRS;PL,1.4e-05,4.2e-06
adopteren,adopteren,V;NFIN,1.4e-05,4.2e-06
adopteren,adopteren,V;SBJV;PRS;PL,1.4e-05,4.2e-06
adopteren,adoptere,V;SBJV;PRS;SG,0.0,4.2e-06
adoreren,adoreerden,V;IND;PST;PL,0.0,5.999999999999999e-07
adoreren,adoreerden,V;SBJV;PST;PL,0.0,5.999999999999999e-07
adoreren,adoreerde,V;IND;PST;1;SG,0.0,5.999999999999999e-07
adoreren,adoreerde,V;IND;PST;2;SG,0.0,5.999999999999999e-07
adoreren,adoreerde,V;IND;PST;3;SG,0.0,5.999999999999999e-07
adoreren,adoreerde,V;SBJV;PST;SG,0.0,5.999999999999999e-07
adoreren,adoreert,V;IMP;PL,1e-06,5.999999999999999e-07
adoreren,adoreert,V;IND;PRS;2;SG,1e-06,5.999999999999999e-07
adoreren,adoreert,V;IND;PRS;3;SG,1e-06,5.999999999999999e-07
adoreren,adoreer,V;IMP;SG,0.0,5.999999999999999e-07
adoreren,adoreer,V;IND;PRS;1;SG,0.0,5.999999999999999e-07
adoreren,adoreren,V;IND;PRS;PL,2e-06,5.999999999999999e-07
adoreren,adoreren,V;NFIN,2e-06,5.999999999999999e-07
adoreren,adoreren,V;SBJV;PRS;PL,2e-06,5.999999999999999e-07
adoreren,adorere,V;SBJV;PRS;SG,0.0,5.999999999999999e-07
adstrueren,adstrueerden,V;IND;PST;PL,0.0,0.0
adstrueren,adstrueerden,V;SBJV;PST;PL,0.0,0.0
adstrueren,adstrueerde,V;IND;PST;1;SG,0.0,0.0
adstrueren,adstrueerde,V;IND;PST;2;SG,0.0,0.0
adstrueren,adstrueerde,V;IND;PST;3;SG,0.0,0.0
adstrueren,adstrueerde,V;SBJV;PST;SG,0.0,0.0
adstrueren,adstrueert,V;IMP;PL,0.0,0.0
adstrueren,adstrueert,V;IND;PRS;2;SG,0.0,0.0
adstrueren,adstrueert,V;IND;PRS;3;SG,0.0,0.0
adstrueren,adstrueer,V;IMP;SG,0.0,0.0
adstrueren,adstrueer,V;IND;PRS;1;SG,0.0,0.0
adstrueren,adstrueren,V;IND;PRS;PL,0.0,0.0
adstrueren,adstrueren,V;NFIN,0.0,0.0
adstrueren,adstrueren,V;SBJV;PRS;PL,0.0,0.0
adstrueren,adstruere,V;SBJV;PRS;SG,0.0,0.0
adviseren,adviseerden,V;IND;PST;PL,0.0,7.46e-05
adviseren,adviseerden,V;SBJV;PST;PL,0.0,7.46e-05
adviseren,adviseerde,V;IND;PST;1;SG,1.3e-05,7.46e-05
adviseren,adviseerde,V;IND;PST;2;SG,1.3e-05,7.46e-05
adviseren,adviseerde,V;IND;PST;3;SG,1.3e-05,7.46e-05
adviseren,adviseerde,V;SBJV;PST;SG,1.3e-05,7.46e-05
adviseren,adviseert,V;IMP;PL,0.000113,7.46e-05
adviseren,adviseert,V;IND;PRS;2;SG,0.000113,7.46e-05
adviseren,adviseert,V;IND;PRS;3;SG,0.000113,7.46e-05
adviseren,adviseer,V;IMP;SG,1.9e-05,7.46e-05
adviseren,adviseer,V;IND;PRS;1;SG,1.9e-05,7.46e-05
adviseren,adviseren,V;IND;PRS;PL,0.00023,7.46e-05
adviseren,adviseren,V;NFIN,0.00023,7.46e-05
adviseren,adviseren,V;SBJV;PRS;PL,0.00023,7.46e-05
adviseren,advisere,V;SBJV;PRS;SG,0.0,7.46e-05
ageren,ageerden,V;IND;PST;PL,0.0,6e-07
ageren,ageerden,V;SBJV;PST;PL,0.0,6e-07
ageren,ageerde,V;IND;PST;1;SG,0.0,6e-07
ageren,ageerde,V;IND;PST;2;SG,0.0,6e-07
ageren,ageerde,V;IND;PST;3;SG,0.0,6e-07
ageren,ageerde,V;SBJV;PST;SG,0.0,6e-07
ageren,ageert,V;IMP;PL,0.0,6e-07
ageren,ageert,V;IND;PRS;2;SG,0.0,6e-07
ageren,ageert,V;IND;PRS;3;SG,0.0,6e-07
ageren,ageer,V;IMP;SG,0.0,6e-07
ageren,ageer,V;IND;PRS;1;SG,0.0,6e-07
ageren,ageren,V;IND;PRS;PL,3e-06,6e-07
ageren,ageren,V;NFIN,3e-06,6e-07
ageren,ageren,V;SBJV;PRS;PL,3e-06,6e-07
ageren,agere,V;SBJV;PRS;SG,0.0,6e-07
alarmeren,alarmeerden,V;IND;PST;PL,8e-06,4.066666666666667e-06
alarmeren,alarmeerden,V;SBJV;PST;PL,8e-06,4.066666666666667e-06
alarmeren,alarmeerde,V;IND;PST;1;SG,9e-06,4.066666666666667e-06
alarmeren,alarmeerde,V;IND;PST;2;SG,9e-06,4.066666666666667e-06
alarmeren,alarmeerde,V;IND;PST;3;SG,9e-06,4.066666666666667e-06
alarmeren,alarmeerde,V;SBJV;PST;SG,9e-06,4.066666666666667e-06
alarmeren,alarmeert,V;IMP;PL,2e-06,4.066666666666667e-06
alarmeren,alarmeert,V;IND;PRS;2;SG,2e-06,4.066666666666667e-06
alarmeren,alarmeert,V;IND;PRS;3;SG,2e-06,4.066666666666667e-06
alarmeren,alarmeer,V;IMP;SG,0.0,4.066666666666667e-06
alarmeren,alarmeer,V;IND;PRS;1;SG,0.0,4.066666666666667e-06
alarmeren,alarmeren,V;IND;PRS;PL,1e-06,4.066666666666667e-06
alarmeren,alarmeren,V;NFIN,1e-06,4.066666666666667e-06
alarmeren,alarmeren,V;SBJV;PRS;PL,1e-06,4.066666666666667e-06
alarmeren,alarmere,V;SBJV;PRS;SG,0.0,4.066666666666667e-06
ambiëren,ambieerden,V;IND;PST;PL,0.0,1.8666666666666667e-06
ambiëren,ambieerden,V;SBJV;PST;PL,0.0,1.8666666666666667e-06
ambiëren,ambieerde,V;IND;PST;1;SG,3e-06,1.8666666666666667e-06
ambiëren,ambieerde,V;IND;PST;2;SG,3e-06,1.8666666666666667e-06
ambiëren,ambieerde,V;IND;PST;3;SG,3e-06,1.8666666666666667e-06
ambiëren,ambieerde,V;SBJV;PST;SG,3e-06,1.8666666666666667e-06
ambiëren,ambieert,V;IMP;PL,4e-06,1.8666666666666667e-06
ambiëren,ambieert,V;IND;PRS;2;SG,4e-06,1.8666666666666667e-06
ambiëren,ambieert,V;IND;PRS;3;SG,4e-06,1.8666666666666667e-06
ambiëren,ambieer,V;IMP;SG,2e-06,1.8666666666666667e-06
ambiëren,ambieer,V;IND;PRS;1;SG,2e-06,1.8666666666666667e-06
ambiëren,ambiëren,V;IND;PRS;PL,0.0,1.8666666666666667e-06
ambiëren,ambiëren,V;NFIN,0.0,1.8666666666666667e-06
ambiëren,ambiëren,V;SBJV;PRS;PL,0.0,1.8666666666666667e-06
ambiëren,ambiëre,V;SBJV;PRS;SG,0.0,1.8666666666666667e-06
amerikaniseren,amerikaniseerden,V;IND;PST;PL,0.0,0.0
amerikaniseren,amerikaniseerden,V;SBJV;PST;PL,0.0,0.0
amerikaniseren,amerikaniseerde,V;IND;PST;1;SG,0.0,0.0
amerikaniseren,amerikaniseerde,V;IND;PST;2;SG,0.0,0.0
amerikaniseren,amerikaniseerde,V;IND;PST;3;SG,0.0,0.0
amerikaniseren,amerikaniseerde,V;SBJV;PST;SG,0.0,0.0
amerikaniseren,amerikaniseert,V;IMP;PL,0.0,0.0
amerikaniseren,amerikaniseert,V;IND;PRS;2;SG,0.0,0.0
amerikaniseren,amerikaniseert,V;IND;PRS;3;SG,0.0,0.0
amerikaniseren,amerikaniseer,V;IMP;SG,0.0,0.0
amerikaniseren,amerikaniseer,V;IND;PRS;1;SG,0.0,0.0
amerikaniseren,amerikaniseren,V;IND;PRS;PL,0.0,0.0
amerikaniseren,amerikaniseren,V;NFIN,0.0,0.0
amerikaniseren,amerikaniseren,V;SBJV;PRS;PL,0.0,0.0
amerikaniseren,amerikanisere,V;SBJV;PRS;SG,0.0,0.0
amputeren,amputeerden,V;IND;PST;PL,0.0,0.0
amputeren,amputeerden,V;SBJV;PST;PL,0.0,0.0
amputeren,amputeerde,V;IND;PST;1;SG,0.0,0.0
amputeren,amputeerde,V;IND;PST;2;SG,0.0,0.0
amputeren,amputeerde,V;IND;PST;3;SG,0.0,0.0
amputeren,amputeerde,V;SBJV;PST;SG,0.0,0.0
amputeren,amputeert,V;IMP;PL,0.0,0.0
amputeren,amputeert,V;IND;PRS;2;SG,0.0,0.0
amputeren,amputeert,V;IND;PRS;3;SG,0.0,0.0
amputeren,amputeer,V;IMP;SG,0.0,0.0
amputeren,amputeer,V;IND;PRS;1;SG,0.0,0.0
amputeren,amputeren,V;IND;PRS;PL,0.0,0.0
amputeren,amputeren,V;NFIN,0.0,0.0
amputeren,amputeren,V;SBJV;PRS;PL,0.0,0.0
amputeren,amputere,V;SBJV;PRS;SG,0.0,0.0
amuseren,amuseerden,V;IND;PST;PL,0.0,1.733333333333333e-06
amuseren,amuseerden,V;SBJV;PST;PL,0.0,1.733333333333333e-06
amuseren,amuseerde,V;IND;PST;1;SG,0.0,1.733333333333333e-06
amuseren,amuseerde,V;IND;PST;2;SG,0.0,1.733333333333333e-06
amuseren,amuseerde,V;IND;PST;3;SG,0.0,1.733333333333333e-06
amuseren,amuseerde,V;SBJV;PST;SG,0.0,1.733333333333333e-06
amuseren,amuseert,V;IMP;PL,0.0,1.733333333333333e-06
amuseren,amuseert,V;IND;PRS;2;SG,0.0,1.733333333333333e-06
amuseren,amuseert,V;IND;PRS;3;SG,0.0,1.733333333333333e-06
amuseren,amuseer,V;IMP;SG,1e-06,1.733333333333333e-06
amuseren,amuseer,V;IND;PRS;1;SG,1e-06,1.733333333333333e-06
amuseren,amuseren,V;IND;PRS;PL,8e-06,1.733333333333333e-06
amuseren,amuseren,V;NFIN,8e-06,1.733333333333333e-06
amuseren,amuseren,V;SBJV;PRS;PL,8e-06,1.733333333333333e-06
amuseren,amusere,V;SBJV;PRS;SG,0.0,1.733333333333333e-06
analyseren,analyseerden,V;IND;PST;PL,0.0,9.933333333333332e-06
analyseren,analyseerden,V;SBJV;PST;PL,0.0,9.933333333333332e-06
analyseren,analyseerde,V;IND;PST;1;SG,2e-06,9.933333333333332e-06
analyseren,analyseerde,V;IND;PST;2;SG,2e-06,9.933333333333332e-06
analyseren,analyseerde,V;IND;PST;3;SG,2e-06,9.933333333333332e-06
analyseren,analyseerde,V;SBJV;PST;SG,2e-06,9.933333333333332e-06
analyseren,analyseert,V;IMP;PL,1.2e-05,9.933333333333332e-06
analyseren,analyseert,V;IND;PRS;2;SG,1.2e-05,9.933333333333332e-06
analyseren,analyseert,V;IND;PRS;3;SG,1.2e-05,9.933333333333332e-06
analyseren,analyseer,V;IMP;SG,0.0,9.933333333333332e-06
analyseren,analyseer,V;IND;PRS;1;SG,0.0,9.933333333333332e-06
analyseren,analyseren,V;IND;PRS;PL,3.5e-05,9.933333333333332e-06
analyseren,analyseren,V;NFIN,3.5e-05,9.933333333333332e-06
analyseren,analyseren,V;SBJV;PRS;PL,3.5e-05,9.933333333333332e-06
analyseren,analysere,V;SBJV;PRS;SG,0.0,9.933333333333332e-06
ankeren,ankerden,V;IND;PST;PL,1e-06,4.8e-06
ankeren,ankerden,V;SBJV;PST;PL,1e-06,4.8e-06
ankeren,ankerde,V;IND;PST;1;SG,0.0,4.8e-06
ankeren,ankerde,V;IND;PST;2;SG,0.0,4.8e-06
ankeren,ankerde,V;IND;PST;3;SG,0.0,4.8e-06
ankeren,ankerde,V;SBJV;PST;SG,0.0,4.8e-06
ankeren,ankeren,V;IND;PRS;PL,4e-06,4.8e-06
ankeren,ankeren,V;NFIN,4e-06,4.8e-06
ankeren,ankeren,V;SBJV;PRS;PL,4e-06,4.8e-06
ankeren,ankere,V;SBJV;PRS;SG,0.0,4.8e-06
ankeren,ankert,V;IMP;PL,0.0,4.8e-06
ankeren,ankert,V;IND;PRS;2;SG,0.0,4.8e-06
ankeren,ankert,V;IND;PRS;3;SG,0.0,4.8e-06
ankeren,anker,V;IMP;SG,2.9e-05,4.8e-06
ankeren,anker,V;IND;PRS;1;SG,2.9e-05,4.8e-06
annexeren,annexeerden,V;IND;PST;PL,0.0,2.6666666666666667e-07
annexeren,annexeerden,V;SBJV;PST;PL,0.0,2.6666666666666667e-07
annexeren,annexeerde,V;IND;PST;1;SG,1e-06,2.6666666666666667e-07
annexeren,annexeerde,V;IND;PST;2;SG,1e-06,2.6666666666666667e-07
annexeren,annexeerde,V;IND;PST;3;SG,1e-06,2.6666666666666667e-07
annexeren,annexeerde,V;SBJV;PST;SG,1e-06,2.6666666666666667e-07
annexeren,annexeert,V;IMP;PL,0.0,2.6666666666666667e-07
annexeren,annexeert,V;IND;PRS;2;SG,0.0,2.6666666666666667e-07
annexeren,annexeert,V;IND;PRS;3;SG,0.0,2.6666666666666667e-07
annexeren,annexeer,V;IMP;SG,0.0,2.6666666666666667e-07
annexeren,annexeer,V;IND;PRS;1;SG,0.0,2.6666666666666667e-07
annexeren,annexeren,V;IND;PRS;PL,0.0,2.6666666666666667e-07
annexeren,annexeren,V;NFIN,0.0,2.6666666666666667e-07
annexeren,annexeren,V;SBJV;PRS;PL,0.0,2.6666666666666667e-07
annexeren,annexere,V;SBJV;PRS;SG,0.0,2.6666666666666667e-07
annoteren,annoteerden,V;IND;PST;PL,0.0,0.0
annoteren,annoteerden,V;SBJV;PST;PL,0.0,0.0
annoteren,annoteerde,V;IND;PST;1;SG,0.0,0.0
annoteren,annoteerde,V;IND;PST;2;SG,0.0,0.0
annoteren,annoteerde,V;IND;PST;3;SG,0.0,0.0
annoteren,annoteerde,V;SBJV;PST;SG,0.0,0.0
annoteren,annoteert,V;IMP;PL,0.0,0.0
annoteren,annoteert,V;IND;PRS;2;SG,0.0,0.0
annoteren,annoteert,V;IND;PRS;3;SG,0.0,0.0
annoteren,annoteer,V;IMP;SG,0.0,0.0
annoteren,annoteer,V;IND;PRS;1;SG,0.0,0.0
annoteren,annoteren,V;IND;PRS;PL,0.0,0.0
annoteren,annoteren,V;NFIN,0.0,0.0
annoteren,annoteren,V;SBJV;PRS;PL,0.0,0.0
annoteren,annotere,V;SBJV;PRS;SG,0.0,0.0
annuleren,annuleerden,V;IND;PST;PL,0.0,6.266666666666666e-06
annuleren,annuleerden,V;SBJV;PST;PL,0.0,6.266666666666666e-06
annuleren,annuleerde,V;IND;PST;1;SG,1e-06,6.266666666666666e-06
annuleren,annuleerde,V;IND;PST;2;SG,1e-06,6.266666666666666e-06
annuleren,annuleerde,V;IND;PST;3;SG,1e-06,6.266666666666666e-06
annuleren,annuleerde,V;SBJV;PST;SG,1e-06,6.266666666666666e-06
annuleren,annuleert,V;IMP;PL,2e-06,6.266666666666666e-06
annuleren,annuleert,V;IND;PRS;2;SG,2e-06,6.266666666666666e-06
annuleren,annuleert,V;IND;PRS;3;SG,2e-06,6.266666666666666e-06
annuleren,annuleer,V;IMP;SG,3e-06,6.266666666666666e-06
annuleren,annuleer,V;IND;PRS;1;SG,3e-06,6.266666666666666e-06
annuleren,annuleren,V;IND;PRS;PL,2.6e-05,6.266666666666666e-06
annuleren,annuleren,V;NFIN,2.6e-05,6.266666666666666e-06
annuleren,annuleren,V;SBJV;PRS;PL,2.6e-05,6.266666666666666e-06
annuleren,annulere,V;SBJV;PRS;SG,0.0,6.266666666666666e-06
antedateren,antedateerden,V;IND;PST;PL,0.0,0.0
antedateren,antedateerden,V;SBJV;PST;PL,0.0,0.0
antedateren,antedateerde,V;IND;PST;1;SG,0.0,0.0
antedateren,antedateerde,V;IND;PST;2;SG,0.0,0.0
antedateren,antedateerde,V;IND;PST;3;SG,0.0,0.0
antedateren,antedateerde,V;SBJV;PST;SG,0.0,0.0
antedateren,antedateert,V;IMP;PL,0.0,0.0
antedateren,antedateert,V;IND;PRS;2;SG,0.0,0.0
antedateren,antedateert,V;IND;PRS;3;SG,0.0,0.0
antedateren,antedateer,V;IMP;SG,0.0,0.0
antedateren,antedateer,V;IND;PRS;1;SG,0.0,0.0
antedateren,antedateren,V;IND;PRS;PL,0.0,0.0
antedateren,antedateren,V;NFIN,0.0,0.0
antedateren,antedateren,V;SBJV;PRS;PL,0.0,0.0
antedateren,antedatere,V;SBJV;PRS;SG,0.0,0.0
appen,appen,V;IND;PRS;PL,0.0,3.866666666666666e-06
appen,appen,V;NFIN,0.0,3.866666666666666e-06
appen,appen,V;SBJV;PRS;PL,0.0,3.866666666666666e-06
appen,appe,V;SBJV;PRS;SG,0.0,3.866666666666666e-06
appen,appten,V;IND;PST;PL,0.0,3.866666666666666e-06
appen,appten,V;SBJV;PST;PL,0.0,3.866666666666666e-06
appen,appte,V;IND;PST;1;SG,0.0,3.866666666666666e-06
appen,appte,V;IND;PST;2;SG,0.0,3.866666666666666e-06
appen,appte,V;IND;PST;3;SG,0.0,3.866666666666666e-06
appen,appte,V;SBJV;PST;SG,0.0,3.866666666666666e-06
appen,appt,V;IMP;PL,0.0,3.866666666666666e-06
appen,appt,V;IND;PRS;2;SG,0.0,3.866666666666666e-06
appen,appt,V;IND;PRS;3;SG,0.0,3.866666666666666e-06
appen,app,V;IMP;SG,2.9e-05,3.866666666666666e-06
appen,app,V;IND;PRS;1;SG,2.9e-05,3.866666666666666e-06
applaudisseren,applaudisseerden,V;IND;PST;PL,0.0,2.0000000000000002e-07
applaudisseren,applaudisseerden,V;SBJV;PST;PL,0.0,2.0000000000000002e-07
applaudisseren,applaudisseerde,V;IND;PST;1;SG,0.0,2.0000000000000002e-07
applaudisseren,applaudisseerde,V;IND;PST;2;SG,0.0,2.0000000000000002e-07
applaudisseren,applaudisseerde,V;IND;PST;3;SG,0.0,2.0000000000000002e-07
applaudisseren,applaudisseerde,V;SBJV;PST;SG,0.0,2.0000000000000002e-07
applaudisseren,applaudisseert,V;IMP;PL,0.0,2.0000000000000002e-07
applaudisseren,applaudisseert,V;IND;PRS;2;SG,0.0,2.0000000000000002e-07
applaudisseren,applaudisseert,V;IND;PRS;3;SG,0.0,2.0000000000000002e-07
applaudisseren,applaudisseer,V;IMP;SG,0.0,2.0000000000000002e-07
applaudisseren,applaudisseer,V;IND;PRS;1;SG,0.0,2.0000000000000002e-07
applaudisseren,applaudisseren,V;IND;PRS;PL,1e-06,2.0000000000000002e-07
applaudisseren,applaudisseren,V;NFIN,1e-06,2.0000000000000002e-07
applaudisseren,applaudisseren,V;SBJV;PRS;PL,1e-06,2.0000000000000002e-07
applaudisseren,applaudissere,V;SBJV;PRS;SG,0.0,2.0000000000000002e-07
appreciëren,apprecieerden,V;IND;PST;PL,0.0,2.0000000000000002e-07
appreciëren,apprecieerden,V;SBJV;PST;PL,0.0,2.0000000000000002e-07
appreciëren,apprecieerde,V;IND;PST;1;SG,0.0,2.0000000000000002e-07
appreciëren,apprecieerde,V;IND;PST;2;SG,0.0,2.0000000000000002e-07
appreciëren,apprecieerde,V;IND;PST;3;SG,0.0,2.0000000000000002e-07
appreciëren,apprecieerde,V;SBJV;PST;SG,0.0,2.0000000000000002e-07
appreciëren,apprecieert,V;IMP;PL,0.0,2.0000000000000002e-07
appreciëren,apprecieert,V;IND;PRS;2;SG,0.0,2.0000000000000002e-07
appreciëren,apprecieert,V;IND;PRS;3;SG,0.0,2.0000000000000002e-07
appreciëren,apprecieer,V;IMP;SG,0.0,2.0000000000000002e-07
appreciëren,apprecieer,V;IND;PRS;1;SG,0.0,2.0000000000000002e-07
appreciëren,appreciëren,V;IND;PRS;PL,1e-06,2.0000000000000002e-07
appreciëren,appreciëren,V;NFIN,1e-06,2.0000000000000002e-07
appreciëren,appreciëren,V;SBJV;PRS;PL,1e-06,2.0000000000000002e-07
appreciëren,appreciëre,V;SBJV;PRS;SG,0.0,2.0000000000000002e-07
arbeiden,arbeidden,V;IND;PST;PL,0.0,1.0266666666666666e-05
arbeiden,arbeidden,V;SBJV;PST;PL,0.0,1.0266666666666666e-05
arbeiden,arbeidde,V;IND;PST;1;SG,0.0,1.0266666666666666e-05
arbeiden,arbeidde,V;IND;PST;2;SG,0.0,1.0266666666666666e-05
arbeiden,arbeidde,V;IND;PST;3;SG,0.0,1.0266666666666666e-05
arbeiden,arbeidde,V;SBJV;PST;SG,0.0,1.0266666666666666e-05
arbeiden,arbeiden,V;IND;PRS;PL,0.0,1.0266666666666666e-05
arbeiden,arbeiden,V;NFIN,0.0,1.0266666666666666e-05
arbeiden,arbeiden,V;SBJV;PRS;PL,0.0,1.0266666666666666e-05
arbeiden,arbeide,V;SBJV;PRS;SG,0.0,1.0266666666666666e-05
arbeiden,arbeidt,V;IMP;PL,0.0,1.0266666666666666e-05
arbeiden,arbeidt,V;IND;PRS;2;SG,0.0,1.0266666666666666e-05
arbeiden,arbeidt,V;IND;PRS;3;SG,0.0,1.0266666666666666e-05
arbeiden,arbeid,V;IMP;SG,7.7e-05,1.0266666666666666e-05
arbeiden,arbeid,V;IND;PRS;1;SG,7.7e-05,1.0266666666666666e-05
arceren,arceerden,V;IND;PST;PL,0.0,4.0000000000000003e-07
arceren,arceerden,V;SBJV;PST;PL,0.0,4.0000000000000003e-07
arceren,arceerde,V;IND;PST;1;SG,0.0,4.0000000000000003e-07
arceren,arceerde,V;IND;PST;2;SG,0.0,4.0000000000000003e-07
arceren,arceerde,V;IND;PST;3;SG,0.0,4.0000000000000003e-07
arceren,arceerde,V;SBJV;PST;SG,0.0,4.0000000000000003e-07
arceren,arceert,V;IMP;PL,2e-06,4.0000000000000003e-07
arceren,arceert,V;IND;PRS;2;SG,2e-06,4.0000000000000003e-07
arceren,arceert,V;IND;PRS;3;SG,2e-06,4.0000000000000003e-07
arceren,arceer,V;IMP;SG,0.0,4.0000000000000003e-07
arceren,arceer,V;IND;PRS;1;SG,0.0,4.0000000000000003e-07
arceren,arceren,V;IND;PRS;PL,0.0,4.0000000000000003e-07
arceren,arceren,V;NFIN,0.0,4.0000000000000003e-07
arceren,arceren,V;SBJV;PRS;PL,0.0,4.0000000000000003e-07
arceren,arcere,V;SBJV;PRS;SG,0.0,4.0000000000000003e-07
archiveren,archiveerden,V;IND;PST;PL,0.0,1.4e-06
archiveren,archiveerden,V;SBJV;PST;PL,0.0,1.4e-06
archiveren,archiveerde,V;IND;PST;1;SG,0.0,1.4e-06
archiveren,archiveerde,V;IND;PST;2;SG,0.0,1.4e-06
archiveren,archiveerde,V;IND;PST;3;SG,0.0,1.4e-06
archiveren,archiveerde,V;SBJV;PST;SG,0.0,1.4e-06
archiveren,archiveert,V;IMP;PL,0.0,1.4e-06
archiveren,archiveert,V;IND;PRS;2;SG,0.0,1.4e-06
archiveren,archiveert,V;IND;PRS;3;SG,0.0,1.4e-06
archiveren,archiveer,V;IMP;SG,0.0,1.4e-06
archiveren,archiveer,V;IND;PRS;1;SG,0.0,1.4e-06
archiveren,archiveren,V;IND;PRS;PL,7e-06,1.4e-06
archiveren,archiveren,V;NFIN,7e-06,1.4e-06
archiveren,archiveren,V;SBJV;PRS;PL,7e-06,1.4e-06
archiveren,archivere,V;SBJV;PRS;SG,0.0,1.4e-06
argumenteren,argumenteerden,V;IND;PST;PL,0.0,3.9999999999999993e-07
argumenteren,argumenteerden,V;SBJV;PST;PL,0.0,3.9999999999999993e-07
argumenteren,argumenteerde,V;IND;PST;1;SG,0.0,3.9999999999999993e-07
argumenteren,argumenteerde,V;IND;PST;2;SG,0.0,3.9999999999999993e-07
argumenteren,argumenteerde,V;IND;PST;3;SG,0.0,3.9999999999999993e-07
argumenteren,argumenteerde,V;SBJV;PST;SG,0.0,3.9999999999999993e-07
argumenteren,argumenteert,V;IMP;PL,1e-06,3.9999999999999993e-07
argumenteren,argumenteert,V;IND;PRS;2;SG,1e-06,3.9999999999999993e-07
argumenteren,argumenteert,V;IND;PRS;3;SG,1e-06,3.9999999999999993e-07
argumenteren,argumenteer,V;IMP;SG,0.0,3.9999999999999993e-07
argumenteren,argumenteer,V;IND;PRS;1;SG,0.0,3.9999999999999993e-07
argumenteren,argumenteren,V;IND;PRS;PL,1e-06,3.9999999999999993e-07
argumenteren,argumenteren,V;NFIN,1e-06,3.9999999999999993e-07
argumenteren,argumenteren,V;SBJV;PRS;PL,1e-06,3.9999999999999993e-07
argumenteren,argumentere,V;SBJV;PRS;SG,0.0,3.9999999999999993e-07
arresteren,arresteerden,V;IND;PST;PL,3e-06,1.1733333333333332e-05
arresteren,arresteerden,V;SBJV;PST;PL,3e-06,1.1733333333333332e-05
arresteren,arresteerde,V;IND;PST;1;SG,3.5e-05,1.1733333333333332e-05
arresteren,arresteerde,V;IND;PST;2;SG,3.5e-05,1.1733333333333332e-05
arresteren,arresteerde,V;IND;PST;3;SG,3.5e-05,1.1733333333333332e-05
arresteren,arresteerde,V;SBJV;PST;SG,3.5e-05,1.1733333333333332e-05
arresteren,arresteert,V;IMP;PL,3e-06,1.1733333333333332e-05
arresteren,arresteert,V;IND;PRS;2;SG,3e-06,1.1733333333333332e-05
arresteren,arresteert,V;IND;PRS;3;SG,3e-06,1.1733333333333332e-05
arresteren,arresteer,V;IMP;SG,0.0,1.1733333333333332e-05
arresteren,arresteer,V;IND;PRS;1;SG,0.0,1.1733333333333332e-05
arresteren,arresteren,V;IND;PRS;PL,7e-06,1.1733333333333332e-05
arresteren,arresteren,V;NFIN,7e-06,1.1733333333333332e-05
arresteren,arresteren,V;SBJV;PRS;PL,7e-06,1.1733333333333332e-05
arresteren,arrestere,V;SBJV;PRS;SG,0.0,1.1733333333333332e-05
arriveren,arriveerden,V;IND;PST;PL,5e-06,1.9799999999999997e-05
arriveren,arriveerden,V;SBJV;PST;PL,5e-06,1.9799999999999997e-05
arriveren,arriveerde,V;IND;PST;1;SG,3.2e-05,1.9799999999999997e-05
arriveren,arriveerde,V;IND;PST;2;SG,3.2e-05,1.9799999999999997e-05
arriveren,arriveerde,V;IND;PST;3;SG,3.2e-05,1.9799999999999997e-05
arriveren,arriveerde,V;SBJV;PST;SG,3.2e-05,1.9799999999999997e-05
arriveren,arriveert,V;IMP;PL,3.3e-05,1.9799999999999997e-05
arriveren,arriveert,V;IND;PRS;2;SG,3.3e-05,1.9799999999999997e-05
arriveren,arriveert,V;IND;PRS;3;SG,3.3e-05,1.9799999999999997e-05
arriveren,arriveer,V;IMP;SG,0.0,1.9799999999999997e-05
arriveren,arriveer,V;IND;PRS;1;SG,0.0,1.9799999999999997e-05
arriveren,arriveren,V;IND;PRS;PL,2e-05,1.9799999999999997e-05
arriveren,arriveren,V;NFIN,2e-05,1.9799999999999997e-05
arriveren,arriveren,V;SBJV;PRS;PL,2e-05,1.9799999999999997e-05
arriveren,arrivere,V;SBJV;PRS;SG,0.0,1.9799999999999997e-05
arroseren,arroseerden,V;IND;PST;PL,0.0,0.0
arroseren,arroseerden,V;SBJV;PST;PL,0.0,0.0
arroseren,arroseerde,V;IND;PST;1;SG,0.0,0.0
arroseren,arroseerde,V;IND;PST;2;SG,0.0,0.0
arroseren,arroseerde,V;IND;PST;3;SG,0.0,0.0
arroseren,arroseerde,V;SBJV;PST;SG,0.0,0.0
arroseren,arroseert,V;IMP;PL,0.0,0.0
arroseren,arroseert,V;IND;PRS;2;SG,0.0,0.0
arroseren,arroseert,V;IND;PRS;3;SG,0.0,0.0
arroseren,arroseer,V;IMP;SG,0.0,0.0
arroseren,arroseer,V;IND;PRS;1;SG,0.0,0.0
arroseren,arroseren,V;IND;PRS;PL,0.0,0.0
arroseren,arroseren,V;NFIN,0.0,0.0
arroseren,arroseren,V;SBJV;PRS;PL,0.0,0.0
arroseren,arrosere,V;SBJV;PRS;SG,0.0,0.0
assisteren,assisteerden,V;IND;PST;PL,1e-06,1.1133333333333334e-05
assisteren,assisteerden,V;SBJV;PST;PL,1e-06,1.1133333333333334e-05
assisteren,assisteerde,V;IND;PST;1;SG,6e-06,1.1133333333333334e-05
assisteren,assisteerde,V;IND;PST;2;SG,6e-06,1.1133333333333334e-05
assisteren,assisteerde,V;IND;PST;3;SG,6e-06,1.1133333333333334e-05
assisteren,assisteerde,V;SBJV;PST;SG,6e-06,1.1133333333333334e-05
assisteren,assisteert,V;IMP;PL,1.7e-05,1.1133333333333334e-05
assisteren,assisteert,V;IND;PRS;2;SG,1.7e-05,1.1133333333333334e-05
assisteren,assisteert,V;IND;PRS;3;SG,1.7e-05,1.1133333333333334e-05
assisteren,assisteer,V;IMP;SG,3e-06,1.1133333333333334e-05
assisteren,assisteer,V;IND;PRS;1;SG,3e-06,1.1133333333333334e-05
assisteren,assisteren,V;IND;PRS;PL,2.8e-05,1.1133333333333334e-05
assisteren,assisteren,V;NFIN,2.8e-05,1.1133333333333334e-05
assisteren,assisteren,V;SBJV;PRS;PL,2.8e-05,1.1133333333333334e-05
assisteren,assistere,V;SBJV;PRS;SG,0.0,1.1133333333333334e-05
associëren,associeerden,V;IND;PST;PL,0.0,1.1333333333333334e-06
associëren,associeerden,V;SBJV;PST;PL,0.0,1.1333333333333334e-06
associëren,associeerde,V;IND;PST;1;SG,0.0,1.1333333333333334e-06
associëren,associeerde,V;IND;PST;2;SG,0.0,1.1333333333333334e-06
associëren,associeerde,V;IND;PST;3;SG,0.0,1.1333333333333334e-06
associëren,associeerde,V;SBJV;PST;SG,0.0,1.1333333333333334e-06
associëren,associeert,V;IMP;PL,1e-06,1.1333333333333334e-06
associëren,associeert,V;IND;PRS;2;SG,1e-06,1.1333333333333334e-06
associëren,associeert,V;IND;PRS;3;SG,1e-06,1.1333333333333334e-06
associëren,associeer,V;IMP;SG,4e-06,1.1333333333333334e-06
associëren,associeer,V;IND;PRS;1;SG,4e-06,1.1333333333333334e-06
associëren,associëren,V;IND;PRS;PL,2e-06,1.1333333333333334e-06
associëren,associëren,V;NFIN,2e-06,1.1333333333333334e-06
associëren,associëren,V;SBJV;PRS;PL,2e-06,1.1333333333333334e-06
associëren,associëre,V;SBJV;PRS;SG,0.0,1.1333333333333334e-06
attaqueren,attaqueerden,V;IND;PST;PL,0.0,0.0
attaqueren,attaqueerden,V;SBJV;PST;PL,0.0,0.0
attaqueren,attaqueerde,V;IND;PST;1;SG,0.0,0.0
attaqueren,attaqueerde,V;IND;PST;2;SG,0.0,0.0
attaqueren,attaqueerde,V;IND;PST;3;SG,0.0,0.0
attaqueren,attaqueerde,V;SBJV;PST;SG,0.0,0.0
attaqueren,attaqueert,V;IMP;PL,0.0,0.0
attaqueren,attaqueert,V;IND;PRS;2;SG,0.0,0.0
attaqueren,attaqueert,V;IND;PRS;3;SG,0.0,0.0
attaqueren,attaqueer,V;IMP;SG,0.0,0.0
attaqueren,attaqueer,V;IND;PRS;1;SG,0.0,0.0
attaqueren,attaqueren,V;IND;PRS;PL,0.0,0.0
attaqueren,attaqueren,V;NFIN,0.0,0.0
attaqueren,attaqueren,V;SBJV;PRS;PL,0.0,0.0
attaqueren,attaquere,V;SBJV;PRS;SG,0.0,0.0
atten,atten,V;IND;PRS;PL,0.0,5e-06
atten,atten,V;IND;PST;PL,0.0,5e-06
atten,atten,V;NFIN,0.0,5e-06
atten,atten,V;SBJV;PRS;PL,0.0,5e-06
atten,atten,V;SBJV;PST;PL,0.0,5e-06
atten,atte,V;IND;PST;1;SG,0.0,5e-06
